corpus_id,method,role,model_id,packet_id,target_flaw,target_flag,status,detected,serious_error_flags
dreaddit,Generalist,generalist,gemma3:4b,PKT_bc83145cf70abba4,unsupported_evidence,unsupported_inference,valid,True,contextual_flattening;unsupported_inference
dreaddit,Fixed role,qualitative_methods,gemma3:4b,PKT_bc83145cf70abba4,unsupported_evidence,unsupported_inference,valid,True,hidden_source_concentration;unsupported_abstraction;unsupported_inference
dreaddit,All roles,union,gemma3:4b,PKT_bc83145cf70abba4,unsupported_evidence,unsupported_inference,generalist:valid;qualitative_methods:valid;domain:missing,True,contextual_flattening;hidden_source_concentration;unsupported_abstraction;unsupported_inference
dreaddit,Generalist,generalist,gemma3:4b,PKT_dca358a586b91cb5,unsupported_evidence,unsupported_inference,valid,True,contextual_flattening;unsupported_abstraction;unsupported_inference
dreaddit,Fixed role,qualitative_methods,gemma3:4b,PKT_dca358a586b91cb5,unsupported_evidence,unsupported_inference,valid,True,contextual_flattening;hidden_source_concentration;unsupported_inference
dreaddit,All roles,union,gemma3:4b,PKT_dca358a586b91cb5,unsupported_evidence,unsupported_inference,generalist:valid;qualitative_methods:valid;domain:missing,True,contextual_flattening;hidden_source_concentration;unsupported_abstraction;unsupported_inference
dreaddit,Generalist,generalist,gemma3:4b,PKT_01fb61298d91fafc,unsupported_evidence,unsupported_inference,valid,True,contextual_flattening;unsupported_abstraction;unsupported_inference
dreaddit,Fixed role,qualitative_methods,gemma3:4b,PKT_01fb61298d91fafc,unsupported_evidence,unsupported_inference,valid,True,contextual_flattening;unsupported_abstraction;unsupported_inference
dreaddit,All roles,union,gemma3:4b,PKT_01fb61298d91fafc,unsupported_evidence,unsupported_inference,generalist:valid;qualitative_methods:valid;domain:missing,True,contextual_flattening;unsupported_abstraction;unsupported_inference
dreaddit,Generalist,generalist,gemma3:4b,PKT_55c4808c17d27a65,unsupported_evidence,unsupported_inference,valid,True,contextual_flattening;unsupported_abstraction;unsupported_inference
dreaddit,Fixed role,qualitative_methods,gemma3:4b,PKT_55c4808c17d27a65,unsupported_evidence,unsupported_inference,valid,True,contextual_flattening;unsupported_abstraction;unsupported_inference
dreaddit,All roles,union,gemma3:4b,PKT_55c4808c17d27a65,unsupported_evidence,unsupported_inference,generalist:valid;qualitative_methods:valid;domain:missing,True,contextual_flattening;unsupported_abstraction;unsupported_inference
dreaddit,Generalist,generalist,gemma3:4b,PKT_64e63ca13857e7ae,unsupported_evidence,unsupported_inference,valid,True,contextual_flattening;unsupported_abstraction;unsupported_inference
dreaddit,Fixed role,qualitative_methods,gemma3:4b,PKT_64e63ca13857e7ae,unsupported_evidence,unsupported_inference,valid,True,contextual_flattening;hidden_source_concentration;unsupported_inference
dreaddit,All roles,union,gemma3:4b,PKT_64e63ca13857e7ae,unsupported_evidence,unsupported_inference,generalist:valid;qualitative_methods:valid;domain:missing,True,contextual_flattening;hidden_source_concentration;unsupported_abstraction;unsupported_inference
dreaddit,Generalist,generalist,gemma3:4b,PKT_c2387909a479680b,unsupported_evidence,unsupported_inference,valid,True,contextual_flattening;unsupported_abstraction;unsupported_inference
dreaddit,Fixed role,qualitative_methods,gemma3:4b,PKT_c2387909a479680b,unsupported_evidence,unsupported_inference,valid,True,contextual_flattening;unsupported_abstraction;unsupported_inference
dreaddit,All roles,union,gemma3:4b,PKT_c2387909a479680b,unsupported_evidence,unsupported_inference,generalist:valid;qualitative_methods:valid;domain:missing,True,contextual_flattening;unsupported_abstraction;unsupported_inference
dreaddit,Generalist,generalist,gemma3:4b,PKT_e6c11c85248dc03b,unsupported_evidence,unsupported_inference,valid,True,contextual_flattening;unsupported_abstraction;unsupported_inference
dreaddit,Fixed role,qualitative_methods,gemma3:4b,PKT_e6c11c85248dc03b,unsupported_evidence,unsupported_inference,valid,True,contextual_flattening;unsupported_abstraction;unsupported_inference
dreaddit,All roles,union,gemma3:4b,PKT_e6c11c85248dc03b,unsupported_evidence,unsupported_inference,generalist:valid;qualitative_methods:valid;domain:missing,True,contextual_flattening;unsupported_abstraction;unsupported_inference
dreaddit,Generalist,generalist,gemma3:4b,PKT_3b87ed82bad68898,unsupported_evidence,unsupported_inference,valid,True,unsupported_abstraction;unsupported_inference
dreaddit,Fixed role,qualitative_methods,gemma3:4b,PKT_3b87ed82bad68898,unsupported_evidence,unsupported_inference,valid,True,hidden_source_concentration;unsupported_abstraction;unsupported_inference
dreaddit,All roles,union,gemma3:4b,PKT_3b87ed82bad68898,unsupported_evidence,unsupported_inference,generalist:valid;qualitative_methods:valid;domain:missing,True,hidden_source_concentration;unsupported_abstraction;unsupported_inference
dreaddit,Generalist,generalist,gemma3:4b,PKT_30c57833f66f36bf,unsupported_evidence,unsupported_inference,valid,True,contextual_flattening;unsupported_abstraction;unsupported_inference
dreaddit,Fixed role,qualitative_methods,gemma3:4b,PKT_30c57833f66f36bf,unsupported_evidence,unsupported_inference,valid,True,contextual_flattening;unsupported_abstraction;unsupported_inference
dreaddit,All roles,union,gemma3:4b,PKT_30c57833f66f36bf,unsupported_evidence,unsupported_inference,generalist:valid;qualitative_methods:valid;domain:missing,True,contextual_flattening;unsupported_abstraction;unsupported_inference
dreaddit,Generalist,generalist,gemma3:4b,PKT_e7a4533caddda01e,unsupported_evidence,unsupported_inference,valid,True,contextual_flattening;unsupported_abstraction;unsupported_inference
dreaddit,Fixed role,qualitative_methods,gemma3:4b,PKT_e7a4533caddda01e,unsupported_evidence,unsupported_inference,valid,True,contextual_flattening;hidden_source_concentration;unsupported_inference
dreaddit,All roles,union,gemma3:4b,PKT_e7a4533caddda01e,unsupported_evidence,unsupported_inference,generalist:valid;qualitative_methods:valid;domain:missing,True,contextual_flattening;hidden_source_concentration;unsupported_abstraction;unsupported_inference
dreaddit,Generalist,generalist,gemma3:4b,PKT_28429b677010522d,unsupported_evidence,unsupported_inference,valid,True,contextual_flattening;unsupported_abstraction;unsupported_inference
dreaddit,Fixed role,qualitative_methods,gemma3:4b,PKT_28429b677010522d,unsupported_evidence,unsupported_inference,valid,True,contextual_flattening;unsupported_abstraction;unsupported_inference
dreaddit,All roles,union,gemma3:4b,PKT_28429b677010522d,unsupported_evidence,unsupported_inference,generalist:valid;qualitative_methods:valid;domain:missing,True,contextual_flattening;unsupported_abstraction;unsupported_inference
dreaddit,Generalist,generalist,gemma3:4b,PKT_a218650a6fcb57d1,unsupported_evidence,unsupported_inference,valid,True,contextual_flattening;unsupported_abstraction;unsupported_inference
dreaddit,Fixed role,qualitative_methods,gemma3:4b,PKT_a218650a6fcb57d1,unsupported_evidence,unsupported_inference,valid,True,contextual_flattening;unsupported_abstraction;unsupported_inference
dreaddit,All roles,union,gemma3:4b,PKT_a218650a6fcb57d1,unsupported_evidence,unsupported_inference,generalist:valid;qualitative_methods:valid;domain:missing,True,contextual_flattening;unsupported_abstraction;unsupported_inference
dreaddit,Generalist,generalist,gemma3:4b,PKT_b025a5d4978a9da8,unsupported_evidence,unsupported_inference,valid,True,contextual_flattening;unsupported_abstraction;unsupported_inference
dreaddit,Fixed role,qualitative_methods,gemma3:4b,PKT_b025a5d4978a9da8,unsupported_evidence,unsupported_inference,valid,True,hidden_source_concentration;unsupported_abstraction;unsupported_inference
dreaddit,All roles,union,gemma3:4b,PKT_b025a5d4978a9da8,unsupported_evidence,unsupported_inference,generalist:valid;qualitative_methods:valid;domain:missing,True,contextual_flattening;hidden_source_concentration;unsupported_abstraction;unsupported_inference
dreaddit,Generalist,generalist,gemma3:4b,PKT_22ca491621628a5e,unsupported_evidence,unsupported_inference,valid,True,contextual_flattening;unsupported_abstraction;unsupported_inference
dreaddit,Fixed role,qualitative_methods,gemma3:4b,PKT_22ca491621628a5e,unsupported_evidence,unsupported_inference,valid,True,contextual_flattening;unsupported_abstraction;unsupported_inference
dreaddit,All roles,union,gemma3:4b,PKT_22ca491621628a5e,unsupported_evidence,unsupported_inference,generalist:valid;qualitative_methods:valid;domain:missing,True,contextual_flattening;unsupported_abstraction;unsupported_inference
dreaddit,Generalist,generalist,gemma3:4b,PKT_4726598b8d93c925,unsupported_evidence,unsupported_inference,valid,True,contextual_flattening;unsupported_abstraction;unsupported_inference
dreaddit,Fixed role,qualitative_methods,gemma3:4b,PKT_4726598b8d93c925,unsupported_evidence,unsupported_inference,valid,True,contextual_flattening;unsupported_abstraction;unsupported_inference
dreaddit,All roles,union,gemma3:4b,PKT_4726598b8d93c925,unsupported_evidence,unsupported_inference,generalist:valid;qualitative_methods:valid;domain:missing,True,contextual_flattening;unsupported_abstraction;unsupported_inference
dreaddit,Generalist,generalist,gemma3:4b,PKT_0fb03447a7877849,unsupported_evidence,unsupported_inference,valid,True,contextual_flattening;unsupported_abstraction;unsupported_inference
dreaddit,Fixed role,qualitative_methods,gemma3:4b,PKT_0fb03447a7877849,unsupported_evidence,unsupported_inference,valid,True,contextual_flattening;unsupported_abstraction;unsupported_inference
dreaddit,All roles,union,gemma3:4b,PKT_0fb03447a7877849,unsupported_evidence,unsupported_inference,generalist:valid;qualitative_methods:valid;domain:missing,True,contextual_flattening;unsupported_abstraction;unsupported_inference
dreaddit,Generalist,generalist,gemma3:4b,PKT_46b42a7a66d6cd2c,unsupported_evidence,unsupported_inference,valid,True,contextual_flattening;unsupported_abstraction;unsupported_inference
dreaddit,Fixed role,qualitative_methods,gemma3:4b,PKT_46b42a7a66d6cd2c,unsupported_evidence,unsupported_inference,valid,True,contextual_flattening;hidden_source_concentration;unsupported_inference
dreaddit,All roles,union,gemma3:4b,PKT_46b42a7a66d6cd2c,unsupported_evidence,unsupported_inference,generalist:valid;qualitative_methods:valid;domain:missing,True,contextual_flattening;hidden_source_concentration;unsupported_abstraction;unsupported_inference
dreaddit,Generalist,generalist,gemma3:4b,PKT_709f6fccf0452a7d,unsupported_evidence,unsupported_inference,valid,True,contextual_flattening;unsupported_abstraction;unsupported_inference
dreaddit,Fixed role,qualitative_methods,gemma3:4b,PKT_709f6fccf0452a7d,unsupported_evidence,unsupported_inference,valid,True,hidden_source_concentration;unsupported_abstraction;unsupported_inference
dreaddit,All roles,union,gemma3:4b,PKT_709f6fccf0452a7d,unsupported_evidence,unsupported_inference,generalist:valid;qualitative_methods:valid;domain:missing,True,contextual_flattening;hidden_source_concentration;unsupported_abstraction;unsupported_inference
dreaddit,Generalist,generalist,gemma3:4b,PKT_b74a682bee9d3477,unsupported_evidence,unsupported_inference,valid,True,contextual_flattening;unsupported_abstraction;unsupported_inference
dreaddit,Fixed role,qualitative_methods,gemma3:4b,PKT_b74a682bee9d3477,unsupported_evidence,unsupported_inference,valid,True,contextual_flattening;unsupported_abstraction;unsupported_inference
dreaddit,All roles,union,gemma3:4b,PKT_b74a682bee9d3477,unsupported_evidence,unsupported_inference,generalist:valid;qualitative_methods:valid;domain:missing,True,contextual_flattening;unsupported_abstraction;unsupported_inference
dreaddit,Generalist,generalist,gemma3:4b,PKT_8c71f474c1d0af75,unsupported_evidence,unsupported_inference,valid,True,contextual_flattening;unsupported_abstraction;unsupported_inference
dreaddit,Fixed role,qualitative_methods,gemma3:4b,PKT_8c71f474c1d0af75,unsupported_evidence,unsupported_inference,valid,True,contextual_flattening;unsupported_abstraction;unsupported_inference
dreaddit,All roles,union,gemma3:4b,PKT_8c71f474c1d0af75,unsupported_evidence,unsupported_inference,generalist:valid;qualitative_methods:valid;domain:missing,True,contextual_flattening;unsupported_abstraction;unsupported_inference
dreaddit,Generalist,generalist,gemma3:4b,PKT_ba6b5e010f3e89d9,source_concentration,hidden_source_concentration,valid,False,unsupported_abstraction
dreaddit,Fixed role,qualitative_methods,gemma3:4b,PKT_ba6b5e010f3e89d9,source_concentration,hidden_source_concentration,valid,True,contextual_flattening;hidden_source_concentration;unsupported_inference
dreaddit,All roles,union,gemma3:4b,PKT_ba6b5e010f3e89d9,source_concentration,hidden_source_concentration,generalist:valid;qualitative_methods:valid;domain:missing,True,contextual_flattening;hidden_source_concentration;unsupported_abstraction;unsupported_inference
dreaddit,Generalist,generalist,gemma3:4b,PKT_a3612a3cdcefda68,source_concentration,hidden_source_concentration,valid,False,contextual_flattening;unsupported_abstraction
dreaddit,Fixed role,qualitative_methods,gemma3:4b,PKT_a3612a3cdcefda68,source_concentration,hidden_source_concentration,valid,True,contextual_flattening;hidden_source_concentration;unsupported_inference
dreaddit,All roles,union,gemma3:4b,PKT_a3612a3cdcefda68,source_concentration,hidden_source_concentration,generalist:valid;qualitative_methods:valid;domain:missing,True,contextual_flattening;hidden_source_concentration;unsupported_abstraction;unsupported_inference
dreaddit,Generalist,generalist,gemma3:4b,PKT_5d757bae3c27d850,source_concentration,hidden_source_concentration,valid,False,contextual_flattening;unsupported_inference
dreaddit,Fixed role,qualitative_methods,gemma3:4b,PKT_5d757bae3c27d850,source_concentration,hidden_source_concentration,valid,True,contextual_flattening;hidden_source_concentration;unsupported_inference
dreaddit,All roles,union,gemma3:4b,PKT_5d757bae3c27d850,source_concentration,hidden_source_concentration,generalist:valid;qualitative_methods:valid;domain:missing,True,contextual_flattening;hidden_source_concentration;unsupported_inference
dreaddit,Generalist,generalist,gemma3:4b,PKT_004ce53d5e035f07,source_concentration,hidden_source_concentration,valid,False,contextual_flattening;unsupported_abstraction;unsupported_inference
dreaddit,Fixed role,qualitative_methods,gemma3:4b,PKT_004ce53d5e035f07,source_concentration,hidden_source_concentration,valid,True,contextual_flattening;hidden_source_concentration;unsupported_inference
dreaddit,All roles,union,gemma3:4b,PKT_004ce53d5e035f07,source_concentration,hidden_source_concentration,generalist:valid;qualitative_methods:valid;domain:missing,True,contextual_flattening;hidden_source_concentration;unsupported_abstraction;unsupported_inference
dreaddit,Generalist,generalist,gemma3:4b,PKT_52d30bd6a3472dbf,source_concentration,hidden_source_concentration,valid,False,contextual_flattening
dreaddit,Fixed role,qualitative_methods,gemma3:4b,PKT_52d30bd6a3472dbf,source_concentration,hidden_source_concentration,valid,True,contextual_flattening;hidden_source_concentration;unsupported_inference
dreaddit,All roles,union,gemma3:4b,PKT_52d30bd6a3472dbf,source_concentration,hidden_source_concentration,generalist:valid;qualitative_methods:valid;domain:missing,True,contextual_flattening;hidden_source_concentration;unsupported_inference
dreaddit,Generalist,generalist,gemma3:4b,PKT_714616bcf9981fac,source_concentration,hidden_source_concentration,valid,False,contextual_flattening;unsupported_inference
dreaddit,Fixed role,qualitative_methods,gemma3:4b,PKT_714616bcf9981fac,source_concentration,hidden_source_concentration,valid,True,contextual_flattening;hidden_source_concentration;unsupported_inference
dreaddit,All roles,union,gemma3:4b,PKT_714616bcf9981fac,source_concentration,hidden_source_concentration,generalist:valid;qualitative_methods:valid;domain:missing,True,contextual_flattening;hidden_source_concentration;unsupported_inference
dreaddit,Generalist,generalist,gemma3:4b,PKT_7f00a1d36a85fc55,source_concentration,hidden_source_concentration,valid,False,contextual_flattening;unsupported_inference
dreaddit,Fixed role,qualitative_methods,gemma3:4b,PKT_7f00a1d36a85fc55,source_concentration,hidden_source_concentration,valid,True,hidden_source_concentration;unsupported_abstraction;unsupported_inference
dreaddit,All roles,union,gemma3:4b,PKT_7f00a1d36a85fc55,source_concentration,hidden_source_concentration,generalist:valid;qualitative_methods:valid;domain:missing,True,contextual_flattening;hidden_source_concentration;unsupported_abstraction;unsupported_inference
dreaddit,Generalist,generalist,gemma3:4b,PKT_a295b5afb164e815,source_concentration,hidden_source_concentration,valid,False,contextual_flattening;unsupported_abstraction;unsupported_inference
dreaddit,Fixed role,qualitative_methods,gemma3:4b,PKT_a295b5afb164e815,source_concentration,hidden_source_concentration,valid,True,contextual_flattening;hidden_source_concentration;unsupported_inference
dreaddit,All roles,union,gemma3:4b,PKT_a295b5afb164e815,source_concentration,hidden_source_concentration,generalist:valid;qualitative_methods:valid;domain:missing,True,contextual_flattening;hidden_source_concentration;unsupported_abstraction;unsupported_inference
dreaddit,Generalist,generalist,gemma3:4b,PKT_d90e32ee52ea4659,source_concentration,hidden_source_concentration,valid,False,contextual_flattening;unsupported_abstraction;unsupported_inference
dreaddit,Fixed role,qualitative_methods,gemma3:4b,PKT_d90e32ee52ea4659,source_concentration,hidden_source_concentration,valid,False,
dreaddit,All roles,union,gemma3:4b,PKT_d90e32ee52ea4659,source_concentration,hidden_source_concentration,generalist:valid;qualitative_methods:valid;domain:missing,False,contextual_flattening;unsupported_abstraction;unsupported_inference
dreaddit,Generalist,generalist,gemma3:4b,PKT_8678711b2b7c442c,source_concentration,hidden_source_concentration,valid,False,contextual_flattening;unsupported_abstraction
dreaddit,Fixed role,qualitative_methods,gemma3:4b,PKT_8678711b2b7c442c,source_concentration,hidden_source_concentration,valid,False,contextual_flattening;unsupported_abstraction
dreaddit,All roles,union,gemma3:4b,PKT_8678711b2b7c442c,source_concentration,hidden_source_concentration,generalist:valid;qualitative_methods:valid;domain:missing,False,contextual_flattening;unsupported_abstraction
dreaddit,Generalist,generalist,gemma3:4b,PKT_c49433018970364a,source_concentration,hidden_source_concentration,valid,True,contextual_flattening;hidden_source_concentration;unsupported_inference
dreaddit,Fixed role,qualitative_methods,gemma3:4b,PKT_c49433018970364a,source_concentration,hidden_source_concentration,valid,True,contextual_flattening;hidden_source_concentration;unsupported_inference
dreaddit,All roles,union,gemma3:4b,PKT_c49433018970364a,source_concentration,hidden_source_concentration,generalist:valid;qualitative_methods:valid;domain:missing,True,contextual_flattening;hidden_source_concentration;unsupported_inference
dreaddit,Generalist,generalist,gemma3:4b,PKT_7a5d1f6ce33eed57,source_concentration,hidden_source_concentration,valid,False,unsupported_abstraction
dreaddit,Fixed role,qualitative_methods,gemma3:4b,PKT_7a5d1f6ce33eed57,source_concentration,hidden_source_concentration,valid,True,contextual_flattening;hidden_source_concentration;unsupported_inference
dreaddit,All roles,union,gemma3:4b,PKT_7a5d1f6ce33eed57,source_concentration,hidden_source_concentration,generalist:valid;qualitative_methods:valid;domain:missing,True,contextual_flattening;hidden_source_concentration;unsupported_abstraction;unsupported_inference
dreaddit,Generalist,generalist,gemma3:4b,PKT_f508b85aebee5c13,source_concentration,hidden_source_concentration,valid,False,unsupported_abstraction
dreaddit,Fixed role,qualitative_methods,gemma3:4b,PKT_f508b85aebee5c13,source_concentration,hidden_source_concentration,valid,True,contextual_flattening;hidden_source_concentration;unsupported_inference
dreaddit,All roles,union,gemma3:4b,PKT_f508b85aebee5c13,source_concentration,hidden_source_concentration,generalist:valid;qualitative_methods:valid;domain:missing,True,contextual_flattening;hidden_source_concentration;unsupported_abstraction;unsupported_inference
dreaddit,Generalist,generalist,gemma3:4b,PKT_d464fb38223b3e51,source_concentration,hidden_source_concentration,valid,False,contextual_flattening;unsupported_inference
dreaddit,Fixed role,qualitative_methods,gemma3:4b,PKT_d464fb38223b3e51,source_concentration,hidden_source_concentration,valid,True,contextual_flattening;hidden_source_concentration;unsupported_inference
dreaddit,All roles,union,gemma3:4b,PKT_d464fb38223b3e51,source_concentration,hidden_source_concentration,generalist:valid;qualitative_methods:valid;domain:missing,True,contextual_flattening;hidden_source_concentration;unsupported_inference
dreaddit,Generalist,generalist,gemma3:4b,PKT_4889514be00e50c8,source_concentration,hidden_source_concentration,valid,False,contextual_flattening;unsupported_inference
dreaddit,Fixed role,qualitative_methods,gemma3:4b,PKT_4889514be00e50c8,source_concentration,hidden_source_concentration,valid,True,contextual_flattening;hidden_source_concentration;unsupported_inference
dreaddit,All roles,union,gemma3:4b,PKT_4889514be00e50c8,source_concentration,hidden_source_concentration,generalist:valid;qualitative_methods:valid;domain:missing,True,contextual_flattening;hidden_source_concentration;unsupported_inference
dreaddit,Generalist,generalist,gemma3:4b,PKT_306f6df69fc51f17,source_concentration,hidden_source_concentration,valid,False,contextual_flattening;unsupported_abstraction;unsupported_inference
dreaddit,Fixed role,qualitative_methods,gemma3:4b,PKT_306f6df69fc51f17,source_concentration,hidden_source_concentration,valid,True,contextual_flattening;hidden_source_concentration;unsupported_inference
dreaddit,All roles,union,gemma3:4b,PKT_306f6df69fc51f17,source_concentration,hidden_source_concentration,generalist:valid;qualitative_methods:valid;domain:missing,True,contextual_flattening;hidden_source_concentration;unsupported_abstraction;unsupported_inference
dreaddit,Generalist,generalist,gemma3:4b,PKT_1cb22b8c60735063,source_concentration,hidden_source_concentration,valid,False,contextual_flattening;unsupported_abstraction;unsupported_inference
dreaddit,Fixed role,qualitative_methods,gemma3:4b,PKT_1cb22b8c60735063,source_concentration,hidden_source_concentration,valid,True,contextual_flattening;hidden_source_concentration;unsupported_inference
dreaddit,All roles,union,gemma3:4b,PKT_1cb22b8c60735063,source_concentration,hidden_source_concentration,generalist:valid;qualitative_methods:valid;domain:missing,True,contextual_flattening;hidden_source_concentration;unsupported_abstraction;unsupported_inference
dreaddit,Generalist,generalist,gemma3:4b,PKT_90fe45059da9ea23,source_concentration,hidden_source_concentration,valid,False,unsupported_abstraction;unsupported_inference
dreaddit,Fixed role,qualitative_methods,gemma3:4b,PKT_90fe45059da9ea23,source_concentration,hidden_source_concentration,valid,True,contextual_flattening;hidden_source_concentration;unsupported_inference
dreaddit,All roles,union,gemma3:4b,PKT_90fe45059da9ea23,source_concentration,hidden_source_concentration,generalist:valid;qualitative_methods:valid;domain:missing,True,contextual_flattening;hidden_source_concentration;unsupported_abstraction;unsupported_inference
dreaddit,Generalist,generalist,gemma3:4b,PKT_3d6186bed3db87eb,source_concentration,hidden_source_concentration,valid,False,unsupported_abstraction
dreaddit,Fixed role,qualitative_methods,gemma3:4b,PKT_3d6186bed3db87eb,source_concentration,hidden_source_concentration,valid,True,contextual_flattening;hidden_source_concentration;unsupported_inference
dreaddit,All roles,union,gemma3:4b,PKT_3d6186bed3db87eb,source_concentration,hidden_source_concentration,generalist:valid;qualitative_methods:valid;domain:missing,True,contextual_flattening;hidden_source_concentration;unsupported_abstraction;unsupported_inference
dreaddit,Generalist,generalist,gemma3:4b,PKT_d638c1248d50750d,source_concentration,hidden_source_concentration,valid,False,contextual_flattening;unsupported_abstraction;unsupported_inference
dreaddit,Fixed role,qualitative_methods,gemma3:4b,PKT_d638c1248d50750d,source_concentration,hidden_source_concentration,valid,False,
dreaddit,All roles,union,gemma3:4b,PKT_d638c1248d50750d,source_concentration,hidden_source_concentration,generalist:valid;qualitative_methods:valid;domain:missing,False,contextual_flattening;unsupported_abstraction;unsupported_inference
dreaddit,Generalist,generalist,gemma3:4b,PKT_99b9b59ac2e15228,counterevidence_loss,lost_negative_case,valid,False,contextual_flattening;unsupported_abstraction;unsupported_inference
dreaddit,Fixed role,qualitative_methods,gemma3:4b,PKT_99b9b59ac2e15228,counterevidence_loss,lost_negative_case,valid,True,contextual_flattening;lost_negative_case;unsupported_inference
dreaddit,All roles,union,gemma3:4b,PKT_99b9b59ac2e15228,counterevidence_loss,lost_negative_case,generalist:valid;qualitative_methods:valid;domain:missing,True,contextual_flattening;lost_negative_case;unsupported_abstraction;unsupported_inference
dreaddit,Generalist,generalist,gemma3:4b,PKT_7af21d3ff7a52a11,counterevidence_loss,lost_negative_case,valid,False,contextual_flattening;unsupported_abstraction;unsupported_inference
dreaddit,Fixed role,qualitative_methods,gemma3:4b,PKT_7af21d3ff7a52a11,counterevidence_loss,lost_negative_case,valid,True,contextual_flattening;hidden_source_concentration;lost_negative_case;unsupported_abstraction;unsupported_inference
dreaddit,All roles,union,gemma3:4b,PKT_7af21d3ff7a52a11,counterevidence_loss,lost_negative_case,generalist:valid;qualitative_methods:valid;domain:missing,True,contextual_flattening;hidden_source_concentration;lost_negative_case;unsupported_abstraction;unsupported_inference
dreaddit,Generalist,generalist,gemma3:4b,PKT_cf0c253712096e31,counterevidence_loss,lost_negative_case,valid,False,unsupported_abstraction
dreaddit,Fixed role,qualitative_methods,gemma3:4b,PKT_cf0c253712096e31,counterevidence_loss,lost_negative_case,valid,False,contextual_flattening;hidden_source_concentration;unsupported_inference
dreaddit,All roles,union,gemma3:4b,PKT_cf0c253712096e31,counterevidence_loss,lost_negative_case,generalist:valid;qualitative_methods:valid;domain:missing,False,contextual_flattening;hidden_source_concentration;unsupported_abstraction;unsupported_inference
dreaddit,Generalist,generalist,gemma3:4b,PKT_ca2a87d3726a9f1f,counterevidence_loss,lost_negative_case,valid,False,contextual_flattening
dreaddit,Fixed role,qualitative_methods,gemma3:4b,PKT_ca2a87d3726a9f1f,counterevidence_loss,lost_negative_case,valid,False,
dreaddit,All roles,union,gemma3:4b,PKT_ca2a87d3726a9f1f,counterevidence_loss,lost_negative_case,generalist:valid;qualitative_methods:valid;domain:missing,False,contextual_flattening
dreaddit,Generalist,generalist,gemma3:4b,PKT_b1219f66c7a48c64,counterevidence_loss,lost_negative_case,valid,False,contextual_flattening;unsupported_abstraction;unsupported_inference
dreaddit,Fixed role,qualitative_methods,gemma3:4b,PKT_b1219f66c7a48c64,counterevidence_loss,lost_negative_case,valid,True,contextual_flattening;lost_negative_case;unsupported_inference
dreaddit,All roles,union,gemma3:4b,PKT_b1219f66c7a48c64,counterevidence_loss,lost_negative_case,generalist:valid;qualitative_methods:valid;domain:missing,True,contextual_flattening;lost_negative_case;unsupported_abstraction;unsupported_inference
dreaddit,Generalist,generalist,gemma3:4b,PKT_cbb616f1b7cb26e6,counterevidence_loss,lost_negative_case,valid,True,contextual_flattening;lost_negative_case;unsupported_inference
dreaddit,Fixed role,qualitative_methods,gemma3:4b,PKT_cbb616f1b7cb26e6,counterevidence_loss,lost_negative_case,valid,False,contextual_flattening;hidden_source_concentration;unsupported_inference
dreaddit,All roles,union,gemma3:4b,PKT_cbb616f1b7cb26e6,counterevidence_loss,lost_negative_case,generalist:valid;qualitative_methods:valid;domain:missing,True,contextual_flattening;hidden_source_concentration;lost_negative_case;unsupported_inference
dreaddit,Generalist,generalist,gemma3:4b,PKT_eeef85daa5bbb782,counterevidence_loss,lost_negative_case,valid,True,contextual_flattening;lost_negative_case;unsupported_inference
dreaddit,Fixed role,qualitative_methods,gemma3:4b,PKT_eeef85daa5bbb782,counterevidence_loss,lost_negative_case,valid,True,contextual_flattening;hidden_source_concentration;lost_negative_case;unsupported_abstraction;unsupported_inference
dreaddit,All roles,union,gemma3:4b,PKT_eeef85daa5bbb782,counterevidence_loss,lost_negative_case,generalist:valid;qualitative_methods:valid;domain:missing,True,contextual_flattening;hidden_source_concentration;lost_negative_case;unsupported_abstraction;unsupported_inference
dreaddit,Generalist,generalist,gemma3:4b,PKT_53a74d199d8ff3de,counterevidence_loss,lost_negative_case,valid,True,contextual_flattening;lost_negative_case;unsupported_inference
dreaddit,Fixed role,qualitative_methods,gemma3:4b,PKT_53a74d199d8ff3de,counterevidence_loss,lost_negative_case,valid,True,contextual_flattening;lost_negative_case;unsupported_inference
dreaddit,All roles,union,gemma3:4b,PKT_53a74d199d8ff3de,counterevidence_loss,lost_negative_case,generalist:valid;qualitative_methods:valid;domain:missing,True,contextual_flattening;lost_negative_case;unsupported_inference
dreaddit,Generalist,generalist,gemma3:4b,PKT_df9842399b2dc8f2,counterevidence_loss,lost_negative_case,valid,True,contextual_flattening;lost_negative_case;unsupported_inference
dreaddit,Fixed role,qualitative_methods,gemma3:4b,PKT_df9842399b2dc8f2,counterevidence_loss,lost_negative_case,valid,True,contextual_flattening;hidden_source_concentration;lost_negative_case;unsupported_abstraction;unsupported_inference
dreaddit,All roles,union,gemma3:4b,PKT_df9842399b2dc8f2,counterevidence_loss,lost_negative_case,generalist:valid;qualitative_methods:valid;domain:missing,True,contextual_flattening;hidden_source_concentration;lost_negative_case;unsupported_abstraction;unsupported_inference
dreaddit,Generalist,generalist,gemma3:4b,PKT_32b4d34684da4079,counterevidence_loss,lost_negative_case,valid,True,contextual_flattening;lost_negative_case;unsupported_inference
dreaddit,Fixed role,qualitative_methods,gemma3:4b,PKT_32b4d34684da4079,counterevidence_loss,lost_negative_case,valid,True,contextual_flattening;hidden_source_concentration;lost_negative_case;unsupported_abstraction;unsupported_inference
dreaddit,All roles,union,gemma3:4b,PKT_32b4d34684da4079,counterevidence_loss,lost_negative_case,generalist:valid;qualitative_methods:valid;domain:missing,True,contextual_flattening;hidden_source_concentration;lost_negative_case;unsupported_abstraction;unsupported_inference
dreaddit,Generalist,generalist,gemma3:4b,PKT_43376b58d12f369c,counterevidence_loss,lost_negative_case,valid,True,contextual_flattening;lost_negative_case;unsupported_inference
dreaddit,Fixed role,qualitative_methods,gemma3:4b,PKT_43376b58d12f369c,counterevidence_loss,lost_negative_case,valid,True,contextual_flattening;hidden_source_concentration;lost_negative_case;unsupported_abstraction;unsupported_inference
dreaddit,All roles,union,gemma3:4b,PKT_43376b58d12f369c,counterevidence_loss,lost_negative_case,generalist:valid;qualitative_methods:valid;domain:missing,True,contextual_flattening;hidden_source_concentration;lost_negative_case;unsupported_abstraction;unsupported_inference
dreaddit,Generalist,generalist,gemma3:4b,PKT_141afa4bfd984658,counterevidence_loss,lost_negative_case,valid,False,contextual_flattening;unsupported_abstraction
dreaddit,Fixed role,qualitative_methods,gemma3:4b,PKT_141afa4bfd984658,counterevidence_loss,lost_negative_case,valid,False,contextual_flattening;hidden_source_concentration;unsupported_inference
dreaddit,All roles,union,gemma3:4b,PKT_141afa4bfd984658,counterevidence_loss,lost_negative_case,generalist:valid;qualitative_methods:valid;domain:missing,False,contextual_flattening;hidden_source_concentration;unsupported_abstraction;unsupported_inference
dreaddit,Generalist,generalist,gemma3:4b,PKT_4551ea3c458ec59a,counterevidence_loss,lost_negative_case,valid,False,unsupported_abstraction
dreaddit,Fixed role,qualitative_methods,gemma3:4b,PKT_4551ea3c458ec59a,counterevidence_loss,lost_negative_case,valid,True,contextual_flattening;hidden_source_concentration;lost_negative_case;unsupported_abstraction;unsupported_inference
dreaddit,All roles,union,gemma3:4b,PKT_4551ea3c458ec59a,counterevidence_loss,lost_negative_case,generalist:valid;qualitative_methods:valid;domain:missing,True,contextual_flattening;hidden_source_concentration;lost_negative_case;unsupported_abstraction;unsupported_inference
dreaddit,Generalist,generalist,gemma3:4b,PKT_f1e0ddb484098b40,counterevidence_loss,lost_negative_case,valid,False,contextual_flattening;unsupported_abstraction;unsupported_inference
dreaddit,Fixed role,qualitative_methods,gemma3:4b,PKT_f1e0ddb484098b40,counterevidence_loss,lost_negative_case,valid,True,contextual_flattening;hidden_source_concentration;lost_negative_case;unsupported_inference
dreaddit,All roles,union,gemma3:4b,PKT_f1e0ddb484098b40,counterevidence_loss,lost_negative_case,generalist:valid;qualitative_methods:valid;domain:missing,True,contextual_flattening;hidden_source_concentration;lost_negative_case;unsupported_abstraction;unsupported_inference
dreaddit,Generalist,generalist,gemma3:4b,PKT_732cf335d3c60245,counterevidence_loss,lost_negative_case,valid,False,contextual_flattening;unsupported_abstraction
dreaddit,Fixed role,qualitative_methods,gemma3:4b,PKT_732cf335d3c60245,counterevidence_loss,lost_negative_case,valid,True,contextual_flattening;hidden_source_concentration;lost_negative_case;unsupported_inference
dreaddit,All roles,union,gemma3:4b,PKT_732cf335d3c60245,counterevidence_loss,lost_negative_case,generalist:valid;qualitative_methods:valid;domain:missing,True,contextual_flattening;hidden_source_concentration;lost_negative_case;unsupported_abstraction;unsupported_inference
dreaddit,Generalist,generalist,gemma3:4b,PKT_d5cc29bd4b7a1952,counterevidence_loss,lost_negative_case,valid,False,contextual_flattening;unsupported_abstraction
dreaddit,Fixed role,qualitative_methods,gemma3:4b,PKT_d5cc29bd4b7a1952,counterevidence_loss,lost_negative_case,valid,False,
dreaddit,All roles,union,gemma3:4b,PKT_d5cc29bd4b7a1952,counterevidence_loss,lost_negative_case,generalist:valid;qualitative_methods:valid;domain:missing,False,contextual_flattening;unsupported_abstraction
dreaddit,Generalist,generalist,gemma3:4b,PKT_06e791a37c308c8a,counterevidence_loss,lost_negative_case,valid,True,contextual_flattening;lost_negative_case;unsupported_inference
dreaddit,Fixed role,qualitative_methods,gemma3:4b,PKT_06e791a37c308c8a,counterevidence_loss,lost_negative_case,valid,True,contextual_flattening;hidden_source_concentration;lost_negative_case;unsupported_abstraction;unsupported_inference
dreaddit,All roles,union,gemma3:4b,PKT_06e791a37c308c8a,counterevidence_loss,lost_negative_case,generalist:valid;qualitative_methods:valid;domain:missing,True,contextual_flattening;hidden_source_concentration;lost_negative_case;unsupported_abstraction;unsupported_inference
dreaddit,Generalist,generalist,gemma3:4b,PKT_bfbe9ee20133d51e,counterevidence_loss,lost_negative_case,valid,True,contextual_flattening;lost_negative_case;unsupported_inference
dreaddit,Fixed role,qualitative_methods,gemma3:4b,PKT_bfbe9ee20133d51e,counterevidence_loss,lost_negative_case,valid,True,contextual_flattening;hidden_source_concentration;lost_negative_case;unsupported_abstraction;unsupported_inference
dreaddit,All roles,union,gemma3:4b,PKT_bfbe9ee20133d51e,counterevidence_loss,lost_negative_case,generalist:valid;qualitative_methods:valid;domain:missing,True,contextual_flattening;hidden_source_concentration;lost_negative_case;unsupported_abstraction;unsupported_inference
dreaddit,Generalist,generalist,gemma3:4b,PKT_106a29f271a1d28f,counterevidence_loss,lost_negative_case,valid,True,contextual_flattening;lost_negative_case;unsupported_inference
dreaddit,Fixed role,qualitative_methods,gemma3:4b,PKT_106a29f271a1d28f,counterevidence_loss,lost_negative_case,valid,True,contextual_flattening;hidden_source_concentration;lost_negative_case;unsupported_inference
dreaddit,All roles,union,gemma3:4b,PKT_106a29f271a1d28f,counterevidence_loss,lost_negative_case,generalist:valid;qualitative_methods:valid;domain:missing,True,contextual_flattening;hidden_source_concentration;lost_negative_case;unsupported_inference
dreaddit,Generalist,generalist,gemma3:4b,PKT_d480cf324111c3f5,counterevidence_loss,lost_negative_case,valid,True,contextual_flattening;lost_negative_case;unsupported_inference
dreaddit,Fixed role,qualitative_methods,gemma3:4b,PKT_d480cf324111c3f5,counterevidence_loss,lost_negative_case,valid,True,contextual_flattening;hidden_source_concentration;lost_negative_case;unsupported_abstraction;unsupported_inference
dreaddit,All roles,union,gemma3:4b,PKT_d480cf324111c3f5,counterevidence_loss,lost_negative_case,generalist:valid;qualitative_methods:valid;domain:missing,True,contextual_flattening;hidden_source_concentration;lost_negative_case;unsupported_abstraction;unsupported_inference
dreaddit,Generalist,generalist,gemma3:4b,PKT_79aa77311309c715,contextual_flattening,contextual_flattening,valid,True,contextual_flattening;unsupported_abstraction;unsupported_inference
dreaddit,Fixed role,qualitative_methods,gemma3:4b,PKT_79aa77311309c715,contextual_flattening,contextual_flattening,valid,True,contextual_flattening;hidden_source_concentration;unsupported_abstraction;unsupported_inference
dreaddit,All roles,union,gemma3:4b,PKT_79aa77311309c715,contextual_flattening,contextual_flattening,generalist:valid;qualitative_methods:valid;domain:missing,True,contextual_flattening;hidden_source_concentration;unsupported_abstraction;unsupported_inference
dreaddit,Generalist,generalist,gemma3:4b,PKT_2052272213a1f6dc,contextual_flattening,contextual_flattening,valid,True,contextual_flattening;unsupported_abstraction
dreaddit,Fixed role,qualitative_methods,gemma3:4b,PKT_2052272213a1f6dc,contextual_flattening,contextual_flattening,valid,True,contextual_flattening;unsupported_abstraction;unsupported_inference
dreaddit,All roles,union,gemma3:4b,PKT_2052272213a1f6dc,contextual_flattening,contextual_flattening,generalist:valid;qualitative_methods:valid;domain:missing,True,contextual_flattening;unsupported_abstraction;unsupported_inference
dreaddit,Generalist,generalist,gemma3:4b,PKT_40d892beccb44c21,contextual_flattening,contextual_flattening,valid,True,contextual_flattening;unsupported_abstraction;unsupported_inference
dreaddit,Fixed role,qualitative_methods,gemma3:4b,PKT_40d892beccb44c21,contextual_flattening,contextual_flattening,valid,True,contextual_flattening;unsupported_abstraction
dreaddit,All roles,union,gemma3:4b,PKT_40d892beccb44c21,contextual_flattening,contextual_flattening,generalist:valid;qualitative_methods:valid;domain:missing,True,contextual_flattening;unsupported_abstraction;unsupported_inference
dreaddit,Generalist,generalist,gemma3:4b,PKT_328f11841664b86a,contextual_flattening,contextual_flattening,valid,True,contextual_flattening;unsupported_abstraction;unsupported_inference
dreaddit,Fixed role,qualitative_methods,gemma3:4b,PKT_328f11841664b86a,contextual_flattening,contextual_flattening,valid,True,contextual_flattening;unsupported_abstraction;unsupported_inference
dreaddit,All roles,union,gemma3:4b,PKT_328f11841664b86a,contextual_flattening,contextual_flattening,generalist:valid;qualitative_methods:valid;domain:missing,True,contextual_flattening;unsupported_abstraction;unsupported_inference
dreaddit,Generalist,generalist,gemma3:4b,PKT_d852f55ac0b846d0,contextual_flattening,contextual_flattening,valid,True,contextual_flattening;lost_negative_case;unsupported_inference
dreaddit,Fixed role,qualitative_methods,gemma3:4b,PKT_d852f55ac0b846d0,contextual_flattening,contextual_flattening,valid,True,contextual_flattening;unsupported_abstraction;unsupported_inference
dreaddit,All roles,union,gemma3:4b,PKT_d852f55ac0b846d0,contextual_flattening,contextual_flattening,generalist:valid;qualitative_methods:valid;domain:missing,True,contextual_flattening;lost_negative_case;unsupported_abstraction;unsupported_inference
dreaddit,Generalist,generalist,gemma3:4b,PKT_bad484f42d7840e6,contextual_flattening,contextual_flattening,valid,True,contextual_flattening;unsupported_abstraction;unsupported_inference
dreaddit,Fixed role,qualitative_methods,gemma3:4b,PKT_bad484f42d7840e6,contextual_flattening,contextual_flattening,valid,True,contextual_flattening;unsupported_abstraction;unsupported_inference
dreaddit,All roles,union,gemma3:4b,PKT_bad484f42d7840e6,contextual_flattening,contextual_flattening,generalist:valid;qualitative_methods:valid;domain:missing,True,contextual_flattening;unsupported_abstraction;unsupported_inference
dreaddit,Generalist,generalist,gemma3:4b,PKT_b6f9603aeecd0460,contextual_flattening,contextual_flattening,valid,True,contextual_flattening;unsupported_abstraction;unsupported_inference
dreaddit,Fixed role,qualitative_methods,gemma3:4b,PKT_b6f9603aeecd0460,contextual_flattening,contextual_flattening,valid,True,contextual_flattening;hidden_source_concentration;lost_negative_case;unsupported_abstraction;unsupported_inference
dreaddit,All roles,union,gemma3:4b,PKT_b6f9603aeecd0460,contextual_flattening,contextual_flattening,generalist:valid;qualitative_methods:valid;domain:missing,True,contextual_flattening;hidden_source_concentration;lost_negative_case;unsupported_abstraction;unsupported_inference
dreaddit,Generalist,generalist,gemma3:4b,PKT_54453fda3cbe789b,contextual_flattening,contextual_flattening,valid,True,contextual_flattening;unsupported_abstraction;unsupported_inference
dreaddit,Fixed role,qualitative_methods,gemma3:4b,PKT_54453fda3cbe789b,contextual_flattening,contextual_flattening,valid,True,contextual_flattening;unsupported_abstraction
dreaddit,All roles,union,gemma3:4b,PKT_54453fda3cbe789b,contextual_flattening,contextual_flattening,generalist:valid;qualitative_methods:valid;domain:missing,True,contextual_flattening;unsupported_abstraction;unsupported_inference
dreaddit,Generalist,generalist,gemma3:4b,PKT_cdfb4feb1f34a542,contextual_flattening,contextual_flattening,valid,True,contextual_flattening;unsupported_abstraction;unsupported_inference
dreaddit,Fixed role,qualitative_methods,gemma3:4b,PKT_cdfb4feb1f34a542,contextual_flattening,contextual_flattening,valid,True,contextual_flattening;unsupported_inference
dreaddit,All roles,union,gemma3:4b,PKT_cdfb4feb1f34a542,contextual_flattening,contextual_flattening,generalist:valid;qualitative_methods:valid;domain:missing,True,contextual_flattening;unsupported_abstraction;unsupported_inference
dreaddit,Generalist,generalist,gemma3:4b,PKT_1c98a45a7df4c52c,contextual_flattening,contextual_flattening,valid,True,contextual_flattening;unsupported_abstraction;unsupported_inference
dreaddit,Fixed role,qualitative_methods,gemma3:4b,PKT_1c98a45a7df4c52c,contextual_flattening,contextual_flattening,valid,True,contextual_flattening;unsupported_abstraction;unsupported_inference
dreaddit,All roles,union,gemma3:4b,PKT_1c98a45a7df4c52c,contextual_flattening,contextual_flattening,generalist:valid;qualitative_methods:valid;domain:missing,True,contextual_flattening;unsupported_abstraction;unsupported_inference
dreaddit,Generalist,generalist,gemma3:4b,PKT_85c634ce7e06dba7,contextual_flattening,contextual_flattening,valid,True,contextual_flattening;hidden_source_concentration;lost_negative_case;unsupported_abstraction;unsupported_inference
dreaddit,Fixed role,qualitative_methods,gemma3:4b,PKT_85c634ce7e06dba7,contextual_flattening,contextual_flattening,valid,True,contextual_flattening;hidden_source_concentration;unsupported_inference
dreaddit,All roles,union,gemma3:4b,PKT_85c634ce7e06dba7,contextual_flattening,contextual_flattening,generalist:valid;qualitative_methods:valid;domain:missing,True,contextual_flattening;hidden_source_concentration;lost_negative_case;unsupported_abstraction;unsupported_inference
dreaddit,Generalist,generalist,gemma3:4b,PKT_e7fd5b240c5073c1,contextual_flattening,contextual_flattening,valid,True,contextual_flattening;unsupported_abstraction
dreaddit,Fixed role,qualitative_methods,gemma3:4b,PKT_e7fd5b240c5073c1,contextual_flattening,contextual_flattening,valid,False,
dreaddit,All roles,union,gemma3:4b,PKT_e7fd5b240c5073c1,contextual_flattening,contextual_flattening,generalist:valid;qualitative_methods:valid;domain:missing,True,contextual_flattening;unsupported_abstraction
dreaddit,Generalist,generalist,gemma3:4b,PKT_3c8645ed2a4396c1,contextual_flattening,contextual_flattening,valid,True,contextual_flattening;unsupported_abstraction;unsupported_inference
dreaddit,Fixed role,qualitative_methods,gemma3:4b,PKT_3c8645ed2a4396c1,contextual_flattening,contextual_flattening,valid,True,contextual_flattening;unsupported_abstraction;unsupported_inference
dreaddit,All roles,union,gemma3:4b,PKT_3c8645ed2a4396c1,contextual_flattening,contextual_flattening,generalist:valid;qualitative_methods:valid;domain:missing,True,contextual_flattening;unsupported_abstraction;unsupported_inference
dreaddit,Generalist,generalist,gemma3:4b,PKT_7cc8ddef9d9c6d44,contextual_flattening,contextual_flattening,valid,True,contextual_flattening;unsupported_abstraction
dreaddit,Fixed role,qualitative_methods,gemma3:4b,PKT_7cc8ddef9d9c6d44,contextual_flattening,contextual_flattening,valid,True,contextual_flattening;unsupported_abstraction
dreaddit,All roles,union,gemma3:4b,PKT_7cc8ddef9d9c6d44,contextual_flattening,contextual_flattening,generalist:valid;qualitative_methods:valid;domain:missing,True,contextual_flattening;unsupported_abstraction
dreaddit,Generalist,generalist,gemma3:4b,PKT_cad04f4cbd46201d,contextual_flattening,contextual_flattening,valid,True,contextual_flattening;unsupported_abstraction;unsupported_inference
dreaddit,Fixed role,qualitative_methods,gemma3:4b,PKT_cad04f4cbd46201d,contextual_flattening,contextual_flattening,valid,True,contextual_flattening;unsupported_abstraction;unsupported_inference
dreaddit,All roles,union,gemma3:4b,PKT_cad04f4cbd46201d,contextual_flattening,contextual_flattening,generalist:valid;qualitative_methods:valid;domain:missing,True,contextual_flattening;unsupported_abstraction;unsupported_inference
dreaddit,Generalist,generalist,gemma3:4b,PKT_86fc5232f7082416,contextual_flattening,contextual_flattening,valid,True,contextual_flattening;unsupported_abstraction;unsupported_inference
dreaddit,Fixed role,qualitative_methods,gemma3:4b,PKT_86fc5232f7082416,contextual_flattening,contextual_flattening,valid,True,contextual_flattening;hidden_source_concentration;unsupported_abstraction;unsupported_inference
dreaddit,All roles,union,gemma3:4b,PKT_86fc5232f7082416,contextual_flattening,contextual_flattening,generalist:valid;qualitative_methods:valid;domain:missing,True,contextual_flattening;hidden_source_concentration;unsupported_abstraction;unsupported_inference
dreaddit,Generalist,generalist,gemma3:4b,PKT_befd7eba9f703648,contextual_flattening,contextual_flattening,valid,True,contextual_flattening;unsupported_abstraction;unsupported_inference
dreaddit,Fixed role,qualitative_methods,gemma3:4b,PKT_befd7eba9f703648,contextual_flattening,contextual_flattening,valid,True,contextual_flattening;unsupported_abstraction;unsupported_inference
dreaddit,All roles,union,gemma3:4b,PKT_befd7eba9f703648,contextual_flattening,contextual_flattening,generalist:valid;qualitative_methods:valid;domain:missing,True,contextual_flattening;unsupported_abstraction;unsupported_inference
dreaddit,Generalist,generalist,gemma3:4b,PKT_660aee3210347c74,contextual_flattening,contextual_flattening,valid,True,contextual_flattening;unsupported_abstraction;unsupported_inference
dreaddit,Fixed role,qualitative_methods,gemma3:4b,PKT_660aee3210347c74,contextual_flattening,contextual_flattening,schema_warning,True,contextual_flattening;unsupported_inference
dreaddit,All roles,union,gemma3:4b,PKT_660aee3210347c74,contextual_flattening,contextual_flattening,generalist:valid;qualitative_methods:schema_warning;domain:missing,True,contextual_flattening;unsupported_abstraction;unsupported_inference
dreaddit,Generalist,generalist,gemma3:4b,PKT_53328921fb940698,contextual_flattening,contextual_flattening,valid,True,contextual_flattening;unsupported_abstraction
dreaddit,Fixed role,qualitative_methods,gemma3:4b,PKT_53328921fb940698,contextual_flattening,contextual_flattening,valid,True,contextual_flattening;unsupported_abstraction;unsupported_inference
dreaddit,All roles,union,gemma3:4b,PKT_53328921fb940698,contextual_flattening,contextual_flattening,generalist:valid;qualitative_methods:valid;domain:missing,True,contextual_flattening;unsupported_abstraction;unsupported_inference
dreaddit,Generalist,generalist,gemma3:4b,PKT_b3578b260315c666,contextual_flattening,contextual_flattening,valid,True,contextual_flattening;unsupported_abstraction;unsupported_inference
dreaddit,Fixed role,qualitative_methods,gemma3:4b,PKT_b3578b260315c666,contextual_flattening,contextual_flattening,valid,True,contextual_flattening;unsupported_abstraction
dreaddit,All roles,union,gemma3:4b,PKT_b3578b260315c666,contextual_flattening,contextual_flattening,generalist:valid;qualitative_methods:valid;domain:missing,True,contextual_flattening;unsupported_abstraction;unsupported_inference
dreaddit,Generalist,generalist,gemma3:4b,PKT_c8a798c95fb3b96b,unsupported_abstraction,unsupported_abstraction,valid,True,contextual_flattening;unsupported_abstraction
dreaddit,Fixed role,qualitative_methods,gemma3:4b,PKT_c8a798c95fb3b96b,unsupported_abstraction,unsupported_abstraction,valid,True,contextual_flattening;unsupported_abstraction;unsupported_inference
dreaddit,All roles,union,gemma3:4b,PKT_c8a798c95fb3b96b,unsupported_abstraction,unsupported_abstraction,generalist:valid;qualitative_methods:valid;domain:missing,True,contextual_flattening;unsupported_abstraction;unsupported_inference
dreaddit,Generalist,generalist,gemma3:4b,PKT_bafadef9b6b18d4f,unsupported_abstraction,unsupported_abstraction,valid,True,contextual_flattening;unsupported_abstraction;unsupported_inference
dreaddit,Fixed role,qualitative_methods,gemma3:4b,PKT_bafadef9b6b18d4f,unsupported_abstraction,unsupported_abstraction,valid,True,hidden_source_concentration;unsupported_abstraction;unsupported_inference
dreaddit,All roles,union,gemma3:4b,PKT_bafadef9b6b18d4f,unsupported_abstraction,unsupported_abstraction,generalist:valid;qualitative_methods:valid;domain:missing,True,contextual_flattening;hidden_source_concentration;unsupported_abstraction;unsupported_inference
dreaddit,Generalist,generalist,gemma3:4b,PKT_9df6d574cf8462fb,unsupported_abstraction,unsupported_abstraction,valid,False,contextual_flattening;unsupported_inference
dreaddit,Fixed role,qualitative_methods,gemma3:4b,PKT_9df6d574cf8462fb,unsupported_abstraction,unsupported_abstraction,valid,True,contextual_flattening;unsupported_abstraction;unsupported_inference
dreaddit,All roles,union,gemma3:4b,PKT_9df6d574cf8462fb,unsupported_abstraction,unsupported_abstraction,generalist:valid;qualitative_methods:valid;domain:missing,True,contextual_flattening;unsupported_abstraction;unsupported_inference
dreaddit,Generalist,generalist,gemma3:4b,PKT_9acb469d60c2635b,unsupported_abstraction,unsupported_abstraction,valid,True,contextual_flattening;unsupported_abstraction
dreaddit,Fixed role,qualitative_methods,gemma3:4b,PKT_9acb469d60c2635b,unsupported_abstraction,unsupported_abstraction,valid,True,contextual_flattening;unsupported_abstraction
dreaddit,All roles,union,gemma3:4b,PKT_9acb469d60c2635b,unsupported_abstraction,unsupported_abstraction,generalist:valid;qualitative_methods:valid;domain:missing,True,contextual_flattening;unsupported_abstraction
dreaddit,Generalist,generalist,gemma3:4b,PKT_5351e500aa9dc573,unsupported_abstraction,unsupported_abstraction,valid,True,unsupported_abstraction
dreaddit,Fixed role,qualitative_methods,gemma3:4b,PKT_5351e500aa9dc573,unsupported_abstraction,unsupported_abstraction,valid,True,contextual_flattening;unsupported_abstraction
dreaddit,All roles,union,gemma3:4b,PKT_5351e500aa9dc573,unsupported_abstraction,unsupported_abstraction,generalist:valid;qualitative_methods:valid;domain:missing,True,contextual_flattening;unsupported_abstraction
dreaddit,Generalist,generalist,gemma3:4b,PKT_240af2c1c362a024,unsupported_abstraction,unsupported_abstraction,valid,True,contextual_flattening;unsupported_abstraction
dreaddit,Fixed role,qualitative_methods,gemma3:4b,PKT_240af2c1c362a024,unsupported_abstraction,unsupported_abstraction,valid,True,hidden_source_concentration;unsupported_abstraction;unsupported_inference
dreaddit,All roles,union,gemma3:4b,PKT_240af2c1c362a024,unsupported_abstraction,unsupported_abstraction,generalist:valid;qualitative_methods:valid;domain:missing,True,contextual_flattening;hidden_source_concentration;unsupported_abstraction;unsupported_inference
dreaddit,Generalist,generalist,gemma3:4b,PKT_0520bd528bff7b21,unsupported_abstraction,unsupported_abstraction,valid,True,contextual_flattening;unsupported_abstraction
dreaddit,Fixed role,qualitative_methods,gemma3:4b,PKT_0520bd528bff7b21,unsupported_abstraction,unsupported_abstraction,valid,True,contextual_flattening;unsupported_abstraction;unsupported_inference
dreaddit,All roles,union,gemma3:4b,PKT_0520bd528bff7b21,unsupported_abstraction,unsupported_abstraction,generalist:valid;qualitative_methods:valid;domain:missing,True,contextual_flattening;unsupported_abstraction;unsupported_inference
dreaddit,Generalist,generalist,gemma3:4b,PKT_fcf7c81b0e002c38,unsupported_abstraction,unsupported_abstraction,valid,False,contextual_flattening;unsupported_inference
dreaddit,Fixed role,qualitative_methods,gemma3:4b,PKT_fcf7c81b0e002c38,unsupported_abstraction,unsupported_abstraction,valid,True,hidden_source_concentration;unsupported_abstraction;unsupported_inference
dreaddit,All roles,union,gemma3:4b,PKT_fcf7c81b0e002c38,unsupported_abstraction,unsupported_abstraction,generalist:valid;qualitative_methods:valid;domain:missing,True,contextual_flattening;hidden_source_concentration;unsupported_abstraction;unsupported_inference
dreaddit,Generalist,generalist,gemma3:4b,PKT_a0f4a82214ca3d2a,unsupported_abstraction,unsupported_abstraction,valid,True,contextual_flattening;unsupported_abstraction;unsupported_inference
dreaddit,Fixed role,qualitative_methods,gemma3:4b,PKT_a0f4a82214ca3d2a,unsupported_abstraction,unsupported_abstraction,valid,True,contextual_flattening;unsupported_abstraction;unsupported_inference
dreaddit,All roles,union,gemma3:4b,PKT_a0f4a82214ca3d2a,unsupported_abstraction,unsupported_abstraction,generalist:valid;qualitative_methods:valid;domain:missing,True,contextual_flattening;unsupported_abstraction;unsupported_inference
dreaddit,Generalist,generalist,gemma3:4b,PKT_8ee477bf3072d0d0,unsupported_abstraction,unsupported_abstraction,valid,True,contextual_flattening;unsupported_abstraction
dreaddit,Fixed role,qualitative_methods,gemma3:4b,PKT_8ee477bf3072d0d0,unsupported_abstraction,unsupported_abstraction,valid,True,contextual_flattening;unsupported_abstraction;unsupported_inference
dreaddit,All roles,union,gemma3:4b,PKT_8ee477bf3072d0d0,unsupported_abstraction,unsupported_abstraction,generalist:valid;qualitative_methods:valid;domain:missing,True,contextual_flattening;unsupported_abstraction;unsupported_inference
dreaddit,Generalist,generalist,gemma3:4b,PKT_63a2bd4ded6560b3,unsupported_abstraction,unsupported_abstraction,valid,True,unsupported_abstraction
dreaddit,Fixed role,qualitative_methods,gemma3:4b,PKT_63a2bd4ded6560b3,unsupported_abstraction,unsupported_abstraction,valid,True,contextual_flattening;unsupported_abstraction;unsupported_inference
dreaddit,All roles,union,gemma3:4b,PKT_63a2bd4ded6560b3,unsupported_abstraction,unsupported_abstraction,generalist:valid;qualitative_methods:valid;domain:missing,True,contextual_flattening;unsupported_abstraction;unsupported_inference
dreaddit,Generalist,generalist,gemma3:4b,PKT_76f14dfa8f4923bd,unsupported_abstraction,unsupported_abstraction,valid,True,contextual_flattening;unsupported_abstraction;unsupported_inference
dreaddit,Fixed role,qualitative_methods,gemma3:4b,PKT_76f14dfa8f4923bd,unsupported_abstraction,unsupported_abstraction,valid,False,contextual_flattening;unsupported_inference
dreaddit,All roles,union,gemma3:4b,PKT_76f14dfa8f4923bd,unsupported_abstraction,unsupported_abstraction,generalist:valid;qualitative_methods:valid;domain:missing,True,contextual_flattening;unsupported_abstraction;unsupported_inference
dreaddit,Generalist,generalist,gemma3:4b,PKT_76624dda54898b9d,unsupported_abstraction,unsupported_abstraction,valid,True,contextual_flattening;unsupported_abstraction;unsupported_inference
dreaddit,Fixed role,qualitative_methods,gemma3:4b,PKT_76624dda54898b9d,unsupported_abstraction,unsupported_abstraction,valid,True,hidden_source_concentration;unsupported_abstraction;unsupported_inference
dreaddit,All roles,union,gemma3:4b,PKT_76624dda54898b9d,unsupported_abstraction,unsupported_abstraction,generalist:valid;qualitative_methods:valid;domain:missing,True,contextual_flattening;hidden_source_concentration;unsupported_abstraction;unsupported_inference
dreaddit,Generalist,generalist,gemma3:4b,PKT_a08be4e5db2ff0f5,unsupported_abstraction,unsupported_abstraction,valid,True,contextual_flattening;unsupported_abstraction
dreaddit,Fixed role,qualitative_methods,gemma3:4b,PKT_a08be4e5db2ff0f5,unsupported_abstraction,unsupported_abstraction,valid,True,contextual_flattening;unsupported_abstraction
dreaddit,All roles,union,gemma3:4b,PKT_a08be4e5db2ff0f5,unsupported_abstraction,unsupported_abstraction,generalist:valid;qualitative_methods:valid;domain:missing,True,contextual_flattening;unsupported_abstraction
dreaddit,Generalist,generalist,gemma3:4b,PKT_3f5f1daef9cb22a6,unsupported_abstraction,unsupported_abstraction,valid,True,fabricated_or_altered_quote;unsupported_abstraction
dreaddit,Fixed role,qualitative_methods,gemma3:4b,PKT_3f5f1daef9cb22a6,unsupported_abstraction,unsupported_abstraction,valid,False,
dreaddit,All roles,union,gemma3:4b,PKT_3f5f1daef9cb22a6,unsupported_abstraction,unsupported_abstraction,generalist:valid;qualitative_methods:valid;domain:missing,True,fabricated_or_altered_quote;unsupported_abstraction
dreaddit,Generalist,generalist,gemma3:4b,PKT_c60eeb2e21b998ab,unsupported_abstraction,unsupported_abstraction,valid,True,contextual_flattening;unsupported_abstraction
dreaddit,Fixed role,qualitative_methods,gemma3:4b,PKT_c60eeb2e21b998ab,unsupported_abstraction,unsupported_abstraction,valid,True,contextual_flattening;unsupported_abstraction
dreaddit,All roles,union,gemma3:4b,PKT_c60eeb2e21b998ab,unsupported_abstraction,unsupported_abstraction,generalist:valid;qualitative_methods:valid;domain:missing,True,contextual_flattening;unsupported_abstraction
dreaddit,Generalist,generalist,gemma3:4b,PKT_d3aedc39786bbaf6,unsupported_abstraction,unsupported_abstraction,valid,True,contextual_flattening;unsupported_abstraction
dreaddit,Fixed role,qualitative_methods,gemma3:4b,PKT_d3aedc39786bbaf6,unsupported_abstraction,unsupported_abstraction,valid,True,hidden_source_concentration;unsupported_abstraction;unsupported_inference
dreaddit,All roles,union,gemma3:4b,PKT_d3aedc39786bbaf6,unsupported_abstraction,unsupported_abstraction,generalist:valid;qualitative_methods:valid;domain:missing,True,contextual_flattening;hidden_source_concentration;unsupported_abstraction;unsupported_inference
dreaddit,Generalist,generalist,gemma3:4b,PKT_325b94bfd3d0b812,unsupported_abstraction,unsupported_abstraction,valid,True,unsupported_abstraction
dreaddit,Fixed role,qualitative_methods,gemma3:4b,PKT_325b94bfd3d0b812,unsupported_abstraction,unsupported_abstraction,valid,True,contextual_flattening;unsupported_abstraction
dreaddit,All roles,union,gemma3:4b,PKT_325b94bfd3d0b812,unsupported_abstraction,unsupported_abstraction,generalist:valid;qualitative_methods:valid;domain:missing,True,contextual_flattening;unsupported_abstraction
dreaddit,Generalist,generalist,gemma3:4b,PKT_d89f0ee2c3a3962d,unsupported_abstraction,unsupported_abstraction,valid,True,contextual_flattening;unsupported_abstraction;unsupported_inference
dreaddit,Fixed role,qualitative_methods,gemma3:4b,PKT_d89f0ee2c3a3962d,unsupported_abstraction,unsupported_abstraction,valid,True,contextual_flattening;unsupported_abstraction
dreaddit,All roles,union,gemma3:4b,PKT_d89f0ee2c3a3962d,unsupported_abstraction,unsupported_abstraction,generalist:valid;qualitative_methods:valid;domain:missing,True,contextual_flattening;unsupported_abstraction;unsupported_inference
dreaddit,Generalist,generalist,gemma3:4b,PKT_edc2d3725c9b57c5,unsupported_abstraction,unsupported_abstraction,valid,True,contextual_flattening;unsupported_abstraction
dreaddit,Fixed role,qualitative_methods,gemma3:4b,PKT_edc2d3725c9b57c5,unsupported_abstraction,unsupported_abstraction,schema_warning,True,contextual_flattening;unsupported_abstraction;unsupported_inference
dreaddit,All roles,union,gemma3:4b,PKT_edc2d3725c9b57c5,unsupported_abstraction,unsupported_abstraction,generalist:valid;qualitative_methods:schema_warning;domain:missing,True,contextual_flattening;unsupported_abstraction;unsupported_inference
dreaddit,Generalist,generalist,llama3.1:8b,PKT_bc83145cf70abba4,unsupported_evidence,unsupported_inference,valid,False,
dreaddit,Fixed role,generalist,llama3.1:8b,PKT_bc83145cf70abba4,unsupported_evidence,unsupported_inference,valid,False,
dreaddit,All roles,union,llama3.1:8b,PKT_bc83145cf70abba4,unsupported_evidence,unsupported_inference,generalist:valid;qualitative_methods:valid;domain:missing,True,unsupported_inference
dreaddit,Generalist,generalist,llama3.1:8b,PKT_dca358a586b91cb5,unsupported_evidence,unsupported_inference,valid,False,
dreaddit,Fixed role,generalist,llama3.1:8b,PKT_dca358a586b91cb5,unsupported_evidence,unsupported_inference,valid,False,
dreaddit,All roles,union,llama3.1:8b,PKT_dca358a586b91cb5,unsupported_evidence,unsupported_inference,generalist:valid;qualitative_methods:valid;domain:missing,False,
dreaddit,Generalist,generalist,llama3.1:8b,PKT_01fb61298d91fafc,unsupported_evidence,unsupported_inference,valid,False,
dreaddit,Fixed role,generalist,llama3.1:8b,PKT_01fb61298d91fafc,unsupported_evidence,unsupported_inference,valid,False,
dreaddit,All roles,union,llama3.1:8b,PKT_01fb61298d91fafc,unsupported_evidence,unsupported_inference,generalist:valid;qualitative_methods:valid;domain:missing,False,
dreaddit,Generalist,generalist,llama3.1:8b,PKT_55c4808c17d27a65,unsupported_evidence,unsupported_inference,valid,False,
dreaddit,Fixed role,generalist,llama3.1:8b,PKT_55c4808c17d27a65,unsupported_evidence,unsupported_inference,valid,False,
dreaddit,All roles,union,llama3.1:8b,PKT_55c4808c17d27a65,unsupported_evidence,unsupported_inference,generalist:valid;qualitative_methods:valid;domain:missing,False,
dreaddit,Generalist,generalist,llama3.1:8b,PKT_64e63ca13857e7ae,unsupported_evidence,unsupported_inference,valid,False,
dreaddit,Fixed role,generalist,llama3.1:8b,PKT_64e63ca13857e7ae,unsupported_evidence,unsupported_inference,valid,False,
dreaddit,All roles,union,llama3.1:8b,PKT_64e63ca13857e7ae,unsupported_evidence,unsupported_inference,generalist:valid;qualitative_methods:valid;domain:missing,False,
dreaddit,Generalist,generalist,llama3.1:8b,PKT_c2387909a479680b,unsupported_evidence,unsupported_inference,valid,False,
dreaddit,Fixed role,generalist,llama3.1:8b,PKT_c2387909a479680b,unsupported_evidence,unsupported_inference,valid,False,
dreaddit,All roles,union,llama3.1:8b,PKT_c2387909a479680b,unsupported_evidence,unsupported_inference,generalist:valid;qualitative_methods:valid;domain:missing,False,
dreaddit,Generalist,generalist,llama3.1:8b,PKT_e6c11c85248dc03b,unsupported_evidence,unsupported_inference,valid,False,
dreaddit,Fixed role,generalist,llama3.1:8b,PKT_e6c11c85248dc03b,unsupported_evidence,unsupported_inference,valid,False,
dreaddit,All roles,union,llama3.1:8b,PKT_e6c11c85248dc03b,unsupported_evidence,unsupported_inference,generalist:valid;qualitative_methods:valid;domain:missing,False,
dreaddit,Generalist,generalist,llama3.1:8b,PKT_3b87ed82bad68898,unsupported_evidence,unsupported_inference,valid,False,
dreaddit,Fixed role,generalist,llama3.1:8b,PKT_3b87ed82bad68898,unsupported_evidence,unsupported_inference,valid,False,
dreaddit,All roles,union,llama3.1:8b,PKT_3b87ed82bad68898,unsupported_evidence,unsupported_inference,generalist:valid;qualitative_methods:valid;domain:missing,False,
dreaddit,Generalist,generalist,llama3.1:8b,PKT_30c57833f66f36bf,unsupported_evidence,unsupported_inference,valid,False,
dreaddit,Fixed role,generalist,llama3.1:8b,PKT_30c57833f66f36bf,unsupported_evidence,unsupported_inference,valid,False,
dreaddit,All roles,union,llama3.1:8b,PKT_30c57833f66f36bf,unsupported_evidence,unsupported_inference,generalist:valid;qualitative_methods:valid;domain:missing,False,
dreaddit,Generalist,generalist,llama3.1:8b,PKT_e7a4533caddda01e,unsupported_evidence,unsupported_inference,valid,False,
dreaddit,Fixed role,generalist,llama3.1:8b,PKT_e7a4533caddda01e,unsupported_evidence,unsupported_inference,valid,False,
dreaddit,All roles,union,llama3.1:8b,PKT_e7a4533caddda01e,unsupported_evidence,unsupported_inference,generalist:valid;qualitative_methods:valid;domain:missing,False,
dreaddit,Generalist,generalist,llama3.1:8b,PKT_28429b677010522d,unsupported_evidence,unsupported_inference,valid,False,
dreaddit,Fixed role,generalist,llama3.1:8b,PKT_28429b677010522d,unsupported_evidence,unsupported_inference,valid,False,
dreaddit,All roles,union,llama3.1:8b,PKT_28429b677010522d,unsupported_evidence,unsupported_inference,generalist:valid;qualitative_methods:valid;domain:missing,False,
dreaddit,Generalist,generalist,llama3.1:8b,PKT_a218650a6fcb57d1,unsupported_evidence,unsupported_inference,valid,False,
dreaddit,Fixed role,generalist,llama3.1:8b,PKT_a218650a6fcb57d1,unsupported_evidence,unsupported_inference,valid,False,
dreaddit,All roles,union,llama3.1:8b,PKT_a218650a6fcb57d1,unsupported_evidence,unsupported_inference,generalist:valid;qualitative_methods:valid;domain:missing,False,
dreaddit,Generalist,generalist,llama3.1:8b,PKT_b025a5d4978a9da8,unsupported_evidence,unsupported_inference,valid,False,
dreaddit,Fixed role,generalist,llama3.1:8b,PKT_b025a5d4978a9da8,unsupported_evidence,unsupported_inference,valid,False,
dreaddit,All roles,union,llama3.1:8b,PKT_b025a5d4978a9da8,unsupported_evidence,unsupported_inference,generalist:valid;qualitative_methods:valid;domain:missing,False,
dreaddit,Generalist,generalist,llama3.1:8b,PKT_22ca491621628a5e,unsupported_evidence,unsupported_inference,valid,False,
dreaddit,Fixed role,generalist,llama3.1:8b,PKT_22ca491621628a5e,unsupported_evidence,unsupported_inference,valid,False,
dreaddit,All roles,union,llama3.1:8b,PKT_22ca491621628a5e,unsupported_evidence,unsupported_inference,generalist:valid;qualitative_methods:valid;domain:missing,False,
dreaddit,Generalist,generalist,llama3.1:8b,PKT_4726598b8d93c925,unsupported_evidence,unsupported_inference,valid,False,
dreaddit,Fixed role,generalist,llama3.1:8b,PKT_4726598b8d93c925,unsupported_evidence,unsupported_inference,valid,False,
dreaddit,All roles,union,llama3.1:8b,PKT_4726598b8d93c925,unsupported_evidence,unsupported_inference,generalist:valid;qualitative_methods:valid;domain:missing,False,
dreaddit,Generalist,generalist,llama3.1:8b,PKT_0fb03447a7877849,unsupported_evidence,unsupported_inference,valid,False,
dreaddit,Fixed role,generalist,llama3.1:8b,PKT_0fb03447a7877849,unsupported_evidence,unsupported_inference,valid,False,
dreaddit,All roles,union,llama3.1:8b,PKT_0fb03447a7877849,unsupported_evidence,unsupported_inference,generalist:valid;qualitative_methods:valid;domain:missing,False,
dreaddit,Generalist,generalist,llama3.1:8b,PKT_46b42a7a66d6cd2c,unsupported_evidence,unsupported_inference,valid,False,
dreaddit,Fixed role,generalist,llama3.1:8b,PKT_46b42a7a66d6cd2c,unsupported_evidence,unsupported_inference,valid,False,
dreaddit,All roles,union,llama3.1:8b,PKT_46b42a7a66d6cd2c,unsupported_evidence,unsupported_inference,generalist:valid;qualitative_methods:valid;domain:missing,False,
dreaddit,Generalist,generalist,llama3.1:8b,PKT_709f6fccf0452a7d,unsupported_evidence,unsupported_inference,valid,False,
dreaddit,Fixed role,generalist,llama3.1:8b,PKT_709f6fccf0452a7d,unsupported_evidence,unsupported_inference,valid,False,
dreaddit,All roles,union,llama3.1:8b,PKT_709f6fccf0452a7d,unsupported_evidence,unsupported_inference,generalist:valid;qualitative_methods:valid;domain:missing,False,
dreaddit,Generalist,generalist,llama3.1:8b,PKT_b74a682bee9d3477,unsupported_evidence,unsupported_inference,valid,False,
dreaddit,Fixed role,generalist,llama3.1:8b,PKT_b74a682bee9d3477,unsupported_evidence,unsupported_inference,valid,False,
dreaddit,All roles,union,llama3.1:8b,PKT_b74a682bee9d3477,unsupported_evidence,unsupported_inference,generalist:valid;qualitative_methods:valid;domain:missing,False,
dreaddit,Generalist,generalist,llama3.1:8b,PKT_8c71f474c1d0af75,unsupported_evidence,unsupported_inference,valid,False,
dreaddit,Fixed role,generalist,llama3.1:8b,PKT_8c71f474c1d0af75,unsupported_evidence,unsupported_inference,valid,False,
dreaddit,All roles,union,llama3.1:8b,PKT_8c71f474c1d0af75,unsupported_evidence,unsupported_inference,generalist:valid;qualitative_methods:valid;domain:missing,False,
dreaddit,Generalist,generalist,llama3.1:8b,PKT_ba6b5e010f3e89d9,source_concentration,hidden_source_concentration,valid,False,
dreaddit,Fixed role,generalist,llama3.1:8b,PKT_ba6b5e010f3e89d9,source_concentration,hidden_source_concentration,valid,False,
dreaddit,All roles,union,llama3.1:8b,PKT_ba6b5e010f3e89d9,source_concentration,hidden_source_concentration,generalist:valid;qualitative_methods:valid;domain:missing,False,
dreaddit,Generalist,generalist,llama3.1:8b,PKT_a3612a3cdcefda68,source_concentration,hidden_source_concentration,valid,False,
dreaddit,Fixed role,generalist,llama3.1:8b,PKT_a3612a3cdcefda68,source_concentration,hidden_source_concentration,valid,False,
dreaddit,All roles,union,llama3.1:8b,PKT_a3612a3cdcefda68,source_concentration,hidden_source_concentration,generalist:valid;qualitative_methods:valid;domain:missing,False,
dreaddit,Generalist,generalist,llama3.1:8b,PKT_5d757bae3c27d850,source_concentration,hidden_source_concentration,valid,False,
dreaddit,Fixed role,generalist,llama3.1:8b,PKT_5d757bae3c27d850,source_concentration,hidden_source_concentration,valid,False,
dreaddit,All roles,union,llama3.1:8b,PKT_5d757bae3c27d850,source_concentration,hidden_source_concentration,generalist:valid;qualitative_methods:valid;domain:missing,False,
dreaddit,Generalist,generalist,llama3.1:8b,PKT_004ce53d5e035f07,source_concentration,hidden_source_concentration,valid,False,
dreaddit,Fixed role,generalist,llama3.1:8b,PKT_004ce53d5e035f07,source_concentration,hidden_source_concentration,valid,False,
dreaddit,All roles,union,llama3.1:8b,PKT_004ce53d5e035f07,source_concentration,hidden_source_concentration,generalist:valid;qualitative_methods:valid;domain:missing,False,
dreaddit,Generalist,generalist,llama3.1:8b,PKT_52d30bd6a3472dbf,source_concentration,hidden_source_concentration,valid,False,
dreaddit,Fixed role,generalist,llama3.1:8b,PKT_52d30bd6a3472dbf,source_concentration,hidden_source_concentration,valid,False,
dreaddit,All roles,union,llama3.1:8b,PKT_52d30bd6a3472dbf,source_concentration,hidden_source_concentration,generalist:valid;qualitative_methods:valid;domain:missing,False,
dreaddit,Generalist,generalist,llama3.1:8b,PKT_714616bcf9981fac,source_concentration,hidden_source_concentration,valid,False,
dreaddit,Fixed role,generalist,llama3.1:8b,PKT_714616bcf9981fac,source_concentration,hidden_source_concentration,valid,False,
dreaddit,All roles,union,llama3.1:8b,PKT_714616bcf9981fac,source_concentration,hidden_source_concentration,generalist:valid;qualitative_methods:valid;domain:missing,False,
dreaddit,Generalist,generalist,llama3.1:8b,PKT_7f00a1d36a85fc55,source_concentration,hidden_source_concentration,valid,False,
dreaddit,Fixed role,generalist,llama3.1:8b,PKT_7f00a1d36a85fc55,source_concentration,hidden_source_concentration,valid,False,
dreaddit,All roles,union,llama3.1:8b,PKT_7f00a1d36a85fc55,source_concentration,hidden_source_concentration,generalist:valid;qualitative_methods:valid;domain:missing,False,
dreaddit,Generalist,generalist,llama3.1:8b,PKT_a295b5afb164e815,source_concentration,hidden_source_concentration,valid,False,
dreaddit,Fixed role,generalist,llama3.1:8b,PKT_a295b5afb164e815,source_concentration,hidden_source_concentration,valid,False,
dreaddit,All roles,union,llama3.1:8b,PKT_a295b5afb164e815,source_concentration,hidden_source_concentration,generalist:valid;qualitative_methods:valid;domain:missing,False,
dreaddit,Generalist,generalist,llama3.1:8b,PKT_d90e32ee52ea4659,source_concentration,hidden_source_concentration,valid,False,
dreaddit,Fixed role,generalist,llama3.1:8b,PKT_d90e32ee52ea4659,source_concentration,hidden_source_concentration,valid,False,
dreaddit,All roles,union,llama3.1:8b,PKT_d90e32ee52ea4659,source_concentration,hidden_source_concentration,generalist:valid;qualitative_methods:valid;domain:missing,False,
dreaddit,Generalist,generalist,llama3.1:8b,PKT_8678711b2b7c442c,source_concentration,hidden_source_concentration,valid,False,
dreaddit,Fixed role,generalist,llama3.1:8b,PKT_8678711b2b7c442c,source_concentration,hidden_source_concentration,valid,False,
dreaddit,All roles,union,llama3.1:8b,PKT_8678711b2b7c442c,source_concentration,hidden_source_concentration,generalist:valid;qualitative_methods:valid;domain:missing,False,
dreaddit,Generalist,generalist,llama3.1:8b,PKT_c49433018970364a,source_concentration,hidden_source_concentration,valid,False,
dreaddit,Fixed role,generalist,llama3.1:8b,PKT_c49433018970364a,source_concentration,hidden_source_concentration,valid,False,
dreaddit,All roles,union,llama3.1:8b,PKT_c49433018970364a,source_concentration,hidden_source_concentration,generalist:valid;qualitative_methods:valid;domain:missing,False,
dreaddit,Generalist,generalist,llama3.1:8b,PKT_7a5d1f6ce33eed57,source_concentration,hidden_source_concentration,valid,False,
dreaddit,Fixed role,generalist,llama3.1:8b,PKT_7a5d1f6ce33eed57,source_concentration,hidden_source_concentration,valid,False,
dreaddit,All roles,union,llama3.1:8b,PKT_7a5d1f6ce33eed57,source_concentration,hidden_source_concentration,generalist:valid;qualitative_methods:valid;domain:missing,False,
dreaddit,Generalist,generalist,llama3.1:8b,PKT_f508b85aebee5c13,source_concentration,hidden_source_concentration,valid,False,
dreaddit,Fixed role,generalist,llama3.1:8b,PKT_f508b85aebee5c13,source_concentration,hidden_source_concentration,valid,False,
dreaddit,All roles,union,llama3.1:8b,PKT_f508b85aebee5c13,source_concentration,hidden_source_concentration,generalist:valid;qualitative_methods:valid;domain:missing,False,
dreaddit,Generalist,generalist,llama3.1:8b,PKT_d464fb38223b3e51,source_concentration,hidden_source_concentration,valid,False,
dreaddit,Fixed role,generalist,llama3.1:8b,PKT_d464fb38223b3e51,source_concentration,hidden_source_concentration,valid,False,
dreaddit,All roles,union,llama3.1:8b,PKT_d464fb38223b3e51,source_concentration,hidden_source_concentration,generalist:valid;qualitative_methods:valid;domain:missing,False,
dreaddit,Generalist,generalist,llama3.1:8b,PKT_4889514be00e50c8,source_concentration,hidden_source_concentration,valid,False,
dreaddit,Fixed role,generalist,llama3.1:8b,PKT_4889514be00e50c8,source_concentration,hidden_source_concentration,valid,False,
dreaddit,All roles,union,llama3.1:8b,PKT_4889514be00e50c8,source_concentration,hidden_source_concentration,generalist:valid;qualitative_methods:valid;domain:missing,False,
dreaddit,Generalist,generalist,llama3.1:8b,PKT_306f6df69fc51f17,source_concentration,hidden_source_concentration,valid,False,
dreaddit,Fixed role,generalist,llama3.1:8b,PKT_306f6df69fc51f17,source_concentration,hidden_source_concentration,valid,False,
dreaddit,All roles,union,llama3.1:8b,PKT_306f6df69fc51f17,source_concentration,hidden_source_concentration,generalist:valid;qualitative_methods:valid;domain:missing,False,
dreaddit,Generalist,generalist,llama3.1:8b,PKT_1cb22b8c60735063,source_concentration,hidden_source_concentration,valid,False,
dreaddit,Fixed role,generalist,llama3.1:8b,PKT_1cb22b8c60735063,source_concentration,hidden_source_concentration,valid,False,
dreaddit,All roles,union,llama3.1:8b,PKT_1cb22b8c60735063,source_concentration,hidden_source_concentration,generalist:valid;qualitative_methods:valid;domain:missing,False,
dreaddit,Generalist,generalist,llama3.1:8b,PKT_90fe45059da9ea23,source_concentration,hidden_source_concentration,valid,False,
dreaddit,Fixed role,generalist,llama3.1:8b,PKT_90fe45059da9ea23,source_concentration,hidden_source_concentration,valid,False,
dreaddit,All roles,union,llama3.1:8b,PKT_90fe45059da9ea23,source_concentration,hidden_source_concentration,generalist:valid;qualitative_methods:valid;domain:missing,False,
dreaddit,Generalist,generalist,llama3.1:8b,PKT_3d6186bed3db87eb,source_concentration,hidden_source_concentration,valid,False,
dreaddit,Fixed role,generalist,llama3.1:8b,PKT_3d6186bed3db87eb,source_concentration,hidden_source_concentration,valid,False,
dreaddit,All roles,union,llama3.1:8b,PKT_3d6186bed3db87eb,source_concentration,hidden_source_concentration,generalist:valid;qualitative_methods:valid;domain:missing,False,
dreaddit,Generalist,generalist,llama3.1:8b,PKT_d638c1248d50750d,source_concentration,hidden_source_concentration,valid,False,
dreaddit,Fixed role,generalist,llama3.1:8b,PKT_d638c1248d50750d,source_concentration,hidden_source_concentration,valid,False,
dreaddit,All roles,union,llama3.1:8b,PKT_d638c1248d50750d,source_concentration,hidden_source_concentration,generalist:valid;qualitative_methods:valid;domain:missing,False,
dreaddit,Generalist,generalist,llama3.1:8b,PKT_99b9b59ac2e15228,counterevidence_loss,lost_negative_case,valid,False,
dreaddit,Fixed role,generalist,llama3.1:8b,PKT_99b9b59ac2e15228,counterevidence_loss,lost_negative_case,valid,False,
dreaddit,All roles,union,llama3.1:8b,PKT_99b9b59ac2e15228,counterevidence_loss,lost_negative_case,generalist:valid;qualitative_methods:valid;domain:missing,False,hidden_source_concentration;unsupported_inference
dreaddit,Generalist,generalist,llama3.1:8b,PKT_7af21d3ff7a52a11,counterevidence_loss,lost_negative_case,valid,False,
dreaddit,Fixed role,generalist,llama3.1:8b,PKT_7af21d3ff7a52a11,counterevidence_loss,lost_negative_case,valid,False,
dreaddit,All roles,union,llama3.1:8b,PKT_7af21d3ff7a52a11,counterevidence_loss,lost_negative_case,generalist:valid;qualitative_methods:valid;domain:missing,False,
dreaddit,Generalist,generalist,llama3.1:8b,PKT_cf0c253712096e31,counterevidence_loss,lost_negative_case,valid,False,
dreaddit,Fixed role,generalist,llama3.1:8b,PKT_cf0c253712096e31,counterevidence_loss,lost_negative_case,valid,False,
dreaddit,All roles,union,llama3.1:8b,PKT_cf0c253712096e31,counterevidence_loss,lost_negative_case,generalist:valid;qualitative_methods:valid;domain:missing,False,
dreaddit,Generalist,generalist,llama3.1:8b,PKT_ca2a87d3726a9f1f,counterevidence_loss,lost_negative_case,valid,True,lost_negative_case;unsupported_inference
dreaddit,Fixed role,generalist,llama3.1:8b,PKT_ca2a87d3726a9f1f,counterevidence_loss,lost_negative_case,valid,True,lost_negative_case;unsupported_inference
dreaddit,All roles,union,llama3.1:8b,PKT_ca2a87d3726a9f1f,counterevidence_loss,lost_negative_case,generalist:valid;qualitative_methods:valid;domain:missing,True,lost_negative_case;unsupported_inference
dreaddit,Generalist,generalist,llama3.1:8b,PKT_b1219f66c7a48c64,counterevidence_loss,lost_negative_case,valid,False,
dreaddit,Fixed role,generalist,llama3.1:8b,PKT_b1219f66c7a48c64,counterevidence_loss,lost_negative_case,valid,False,
dreaddit,All roles,union,llama3.1:8b,PKT_b1219f66c7a48c64,counterevidence_loss,lost_negative_case,generalist:valid;qualitative_methods:valid;domain:missing,False,
dreaddit,Generalist,generalist,llama3.1:8b,PKT_cbb616f1b7cb26e6,counterevidence_loss,lost_negative_case,valid,True,contextual_flattening;hidden_source_concentration;lost_negative_case;unsupported_abstraction;unsupported_inference
dreaddit,Fixed role,generalist,llama3.1:8b,PKT_cbb616f1b7cb26e6,counterevidence_loss,lost_negative_case,valid,True,contextual_flattening;hidden_source_concentration;lost_negative_case;unsupported_abstraction;unsupported_inference
dreaddit,All roles,union,llama3.1:8b,PKT_cbb616f1b7cb26e6,counterevidence_loss,lost_negative_case,generalist:valid;qualitative_methods:valid;domain:missing,True,contextual_flattening;hidden_source_concentration;lost_negative_case;unsupported_abstraction;unsupported_inference
dreaddit,Generalist,generalist,llama3.1:8b,PKT_eeef85daa5bbb782,counterevidence_loss,lost_negative_case,valid,False,
dreaddit,Fixed role,generalist,llama3.1:8b,PKT_eeef85daa5bbb782,counterevidence_loss,lost_negative_case,valid,False,
dreaddit,All roles,union,llama3.1:8b,PKT_eeef85daa5bbb782,counterevidence_loss,lost_negative_case,generalist:valid;qualitative_methods:valid;domain:missing,False,
dreaddit,Generalist,generalist,llama3.1:8b,PKT_53a74d199d8ff3de,counterevidence_loss,lost_negative_case,valid,True,lost_negative_case
dreaddit,Fixed role,generalist,llama3.1:8b,PKT_53a74d199d8ff3de,counterevidence_loss,lost_negative_case,valid,True,lost_negative_case
dreaddit,All roles,union,llama3.1:8b,PKT_53a74d199d8ff3de,counterevidence_loss,lost_negative_case,generalist:valid;qualitative_methods:valid;domain:missing,True,lost_negative_case
dreaddit,Generalist,generalist,llama3.1:8b,PKT_df9842399b2dc8f2,counterevidence_loss,lost_negative_case,valid,False,
dreaddit,Fixed role,generalist,llama3.1:8b,PKT_df9842399b2dc8f2,counterevidence_loss,lost_negative_case,valid,False,
dreaddit,All roles,union,llama3.1:8b,PKT_df9842399b2dc8f2,counterevidence_loss,lost_negative_case,generalist:valid;qualitative_methods:valid;domain:missing,False,
dreaddit,Generalist,generalist,llama3.1:8b,PKT_32b4d34684da4079,counterevidence_loss,lost_negative_case,valid,False,
dreaddit,Fixed role,generalist,llama3.1:8b,PKT_32b4d34684da4079,counterevidence_loss,lost_negative_case,valid,False,
dreaddit,All roles,union,llama3.1:8b,PKT_32b4d34684da4079,counterevidence_loss,lost_negative_case,generalist:valid;qualitative_methods:valid;domain:missing,False,
dreaddit,Generalist,generalist,llama3.1:8b,PKT_43376b58d12f369c,counterevidence_loss,lost_negative_case,valid,False,
dreaddit,Fixed role,generalist,llama3.1:8b,PKT_43376b58d12f369c,counterevidence_loss,lost_negative_case,valid,False,
dreaddit,All roles,union,llama3.1:8b,PKT_43376b58d12f369c,counterevidence_loss,lost_negative_case,generalist:valid;qualitative_methods:valid;domain:missing,False,
dreaddit,Generalist,generalist,llama3.1:8b,PKT_141afa4bfd984658,counterevidence_loss,lost_negative_case,valid,True,lost_negative_case
dreaddit,Fixed role,generalist,llama3.1:8b,PKT_141afa4bfd984658,counterevidence_loss,lost_negative_case,valid,True,lost_negative_case
dreaddit,All roles,union,llama3.1:8b,PKT_141afa4bfd984658,counterevidence_loss,lost_negative_case,generalist:valid;qualitative_methods:valid;domain:missing,True,lost_negative_case
dreaddit,Generalist,generalist,llama3.1:8b,PKT_4551ea3c458ec59a,counterevidence_loss,lost_negative_case,valid,False,
dreaddit,Fixed role,generalist,llama3.1:8b,PKT_4551ea3c458ec59a,counterevidence_loss,lost_negative_case,valid,False,
dreaddit,All roles,union,llama3.1:8b,PKT_4551ea3c458ec59a,counterevidence_loss,lost_negative_case,generalist:valid;qualitative_methods:valid;domain:missing,False,
dreaddit,Generalist,generalist,llama3.1:8b,PKT_f1e0ddb484098b40,counterevidence_loss,lost_negative_case,valid,False,
dreaddit,Fixed role,generalist,llama3.1:8b,PKT_f1e0ddb484098b40,counterevidence_loss,lost_negative_case,valid,False,
dreaddit,All roles,union,llama3.1:8b,PKT_f1e0ddb484098b40,counterevidence_loss,lost_negative_case,generalist:valid;qualitative_methods:valid;domain:missing,False,
dreaddit,Generalist,generalist,llama3.1:8b,PKT_732cf335d3c60245,counterevidence_loss,lost_negative_case,valid,False,
dreaddit,Fixed role,generalist,llama3.1:8b,PKT_732cf335d3c60245,counterevidence_loss,lost_negative_case,valid,False,
dreaddit,All roles,union,llama3.1:8b,PKT_732cf335d3c60245,counterevidence_loss,lost_negative_case,generalist:valid;qualitative_methods:valid;domain:missing,True,lost_negative_case
dreaddit,Generalist,generalist,llama3.1:8b,PKT_d5cc29bd4b7a1952,counterevidence_loss,lost_negative_case,valid,True,lost_negative_case
dreaddit,Fixed role,generalist,llama3.1:8b,PKT_d5cc29bd4b7a1952,counterevidence_loss,lost_negative_case,valid,True,lost_negative_case
dreaddit,All roles,union,llama3.1:8b,PKT_d5cc29bd4b7a1952,counterevidence_loss,lost_negative_case,generalist:valid;qualitative_methods:valid;domain:missing,True,lost_negative_case
dreaddit,Generalist,generalist,llama3.1:8b,PKT_06e791a37c308c8a,counterevidence_loss,lost_negative_case,valid,True,lost_negative_case;unsupported_inference
dreaddit,Fixed role,generalist,llama3.1:8b,PKT_06e791a37c308c8a,counterevidence_loss,lost_negative_case,valid,True,lost_negative_case;unsupported_inference
dreaddit,All roles,union,llama3.1:8b,PKT_06e791a37c308c8a,counterevidence_loss,lost_negative_case,generalist:valid;qualitative_methods:valid;domain:missing,True,contextual_flattening;lost_negative_case;unsupported_inference
dreaddit,Generalist,generalist,llama3.1:8b,PKT_bfbe9ee20133d51e,counterevidence_loss,lost_negative_case,valid,False,
dreaddit,Fixed role,generalist,llama3.1:8b,PKT_bfbe9ee20133d51e,counterevidence_loss,lost_negative_case,valid,False,
dreaddit,All roles,union,llama3.1:8b,PKT_bfbe9ee20133d51e,counterevidence_loss,lost_negative_case,generalist:valid;qualitative_methods:valid;domain:missing,False,
dreaddit,Generalist,generalist,llama3.1:8b,PKT_106a29f271a1d28f,counterevidence_loss,lost_negative_case,valid,False,
dreaddit,Fixed role,generalist,llama3.1:8b,PKT_106a29f271a1d28f,counterevidence_loss,lost_negative_case,valid,False,
dreaddit,All roles,union,llama3.1:8b,PKT_106a29f271a1d28f,counterevidence_loss,lost_negative_case,generalist:valid;qualitative_methods:valid;domain:missing,False,
dreaddit,Generalist,generalist,llama3.1:8b,PKT_d480cf324111c3f5,counterevidence_loss,lost_negative_case,valid,False,
dreaddit,Fixed role,generalist,llama3.1:8b,PKT_d480cf324111c3f5,counterevidence_loss,lost_negative_case,valid,False,
dreaddit,All roles,union,llama3.1:8b,PKT_d480cf324111c3f5,counterevidence_loss,lost_negative_case,generalist:valid;qualitative_methods:valid;domain:missing,False,
dreaddit,Generalist,generalist,llama3.1:8b,PKT_79aa77311309c715,contextual_flattening,contextual_flattening,valid,False,
dreaddit,Fixed role,generalist,llama3.1:8b,PKT_79aa77311309c715,contextual_flattening,contextual_flattening,valid,False,
dreaddit,All roles,union,llama3.1:8b,PKT_79aa77311309c715,contextual_flattening,contextual_flattening,generalist:valid;qualitative_methods:valid;domain:missing,False,
dreaddit,Generalist,generalist,llama3.1:8b,PKT_2052272213a1f6dc,contextual_flattening,contextual_flattening,valid,False,
dreaddit,Fixed role,generalist,llama3.1:8b,PKT_2052272213a1f6dc,contextual_flattening,contextual_flattening,valid,False,
dreaddit,All roles,union,llama3.1:8b,PKT_2052272213a1f6dc,contextual_flattening,contextual_flattening,generalist:valid;qualitative_methods:valid;domain:missing,False,
dreaddit,Generalist,generalist,llama3.1:8b,PKT_40d892beccb44c21,contextual_flattening,contextual_flattening,valid,True,contextual_flattening
dreaddit,Fixed role,generalist,llama3.1:8b,PKT_40d892beccb44c21,contextual_flattening,contextual_flattening,valid,True,contextual_flattening
dreaddit,All roles,union,llama3.1:8b,PKT_40d892beccb44c21,contextual_flattening,contextual_flattening,generalist:valid;qualitative_methods:valid;domain:missing,True,contextual_flattening;unsupported_abstraction
dreaddit,Generalist,generalist,llama3.1:8b,PKT_328f11841664b86a,contextual_flattening,contextual_flattening,valid,False,
dreaddit,Fixed role,generalist,llama3.1:8b,PKT_328f11841664b86a,contextual_flattening,contextual_flattening,valid,False,
dreaddit,All roles,union,llama3.1:8b,PKT_328f11841664b86a,contextual_flattening,contextual_flattening,generalist:valid;qualitative_methods:valid;domain:missing,False,
dreaddit,Generalist,generalist,llama3.1:8b,PKT_d852f55ac0b846d0,contextual_flattening,contextual_flattening,valid,False,
dreaddit,Fixed role,generalist,llama3.1:8b,PKT_d852f55ac0b846d0,contextual_flattening,contextual_flattening,valid,False,
dreaddit,All roles,union,llama3.1:8b,PKT_d852f55ac0b846d0,contextual_flattening,contextual_flattening,generalist:valid;qualitative_methods:valid;domain:missing,False,
dreaddit,Generalist,generalist,llama3.1:8b,PKT_bad484f42d7840e6,contextual_flattening,contextual_flattening,valid,True,contextual_flattening
dreaddit,Fixed role,generalist,llama3.1:8b,PKT_bad484f42d7840e6,contextual_flattening,contextual_flattening,valid,True,contextual_flattening
dreaddit,All roles,union,llama3.1:8b,PKT_bad484f42d7840e6,contextual_flattening,contextual_flattening,generalist:valid;qualitative_methods:valid;domain:missing,True,contextual_flattening
dreaddit,Generalist,generalist,llama3.1:8b,PKT_b6f9603aeecd0460,contextual_flattening,contextual_flattening,valid,False,
dreaddit,Fixed role,generalist,llama3.1:8b,PKT_b6f9603aeecd0460,contextual_flattening,contextual_flattening,valid,False,
dreaddit,All roles,union,llama3.1:8b,PKT_b6f9603aeecd0460,contextual_flattening,contextual_flattening,generalist:valid;qualitative_methods:valid;domain:missing,False,
dreaddit,Generalist,generalist,llama3.1:8b,PKT_54453fda3cbe789b,contextual_flattening,contextual_flattening,valid,False,
dreaddit,Fixed role,generalist,llama3.1:8b,PKT_54453fda3cbe789b,contextual_flattening,contextual_flattening,valid,False,
dreaddit,All roles,union,llama3.1:8b,PKT_54453fda3cbe789b,contextual_flattening,contextual_flattening,generalist:valid;qualitative_methods:valid;domain:missing,False,
dreaddit,Generalist,generalist,llama3.1:8b,PKT_cdfb4feb1f34a542,contextual_flattening,contextual_flattening,valid,True,contextual_flattening
dreaddit,Fixed role,generalist,llama3.1:8b,PKT_cdfb4feb1f34a542,contextual_flattening,contextual_flattening,valid,True,contextual_flattening
dreaddit,All roles,union,llama3.1:8b,PKT_cdfb4feb1f34a542,contextual_flattening,contextual_flattening,generalist:valid;qualitative_methods:valid;domain:missing,True,contextual_flattening
dreaddit,Generalist,generalist,llama3.1:8b,PKT_1c98a45a7df4c52c,contextual_flattening,contextual_flattening,valid,False,
dreaddit,Fixed role,generalist,llama3.1:8b,PKT_1c98a45a7df4c52c,contextual_flattening,contextual_flattening,valid,False,
dreaddit,All roles,union,llama3.1:8b,PKT_1c98a45a7df4c52c,contextual_flattening,contextual_flattening,generalist:valid;qualitative_methods:valid;domain:missing,False,
dreaddit,Generalist,generalist,llama3.1:8b,PKT_85c634ce7e06dba7,contextual_flattening,contextual_flattening,valid,False,
dreaddit,Fixed role,generalist,llama3.1:8b,PKT_85c634ce7e06dba7,contextual_flattening,contextual_flattening,valid,False,
dreaddit,All roles,union,llama3.1:8b,PKT_85c634ce7e06dba7,contextual_flattening,contextual_flattening,generalist:valid;qualitative_methods:valid;domain:missing,False,
dreaddit,Generalist,generalist,llama3.1:8b,PKT_e7fd5b240c5073c1,contextual_flattening,contextual_flattening,valid,False,
dreaddit,Fixed role,generalist,llama3.1:8b,PKT_e7fd5b240c5073c1,contextual_flattening,contextual_flattening,valid,False,
dreaddit,All roles,union,llama3.1:8b,PKT_e7fd5b240c5073c1,contextual_flattening,contextual_flattening,generalist:valid;qualitative_methods:valid;domain:missing,True,contextual_flattening
dreaddit,Generalist,generalist,llama3.1:8b,PKT_3c8645ed2a4396c1,contextual_flattening,contextual_flattening,valid,False,
dreaddit,Fixed role,generalist,llama3.1:8b,PKT_3c8645ed2a4396c1,contextual_flattening,contextual_flattening,valid,False,
dreaddit,All roles,union,llama3.1:8b,PKT_3c8645ed2a4396c1,contextual_flattening,contextual_flattening,generalist:valid;qualitative_methods:valid;domain:missing,False,
dreaddit,Generalist,generalist,llama3.1:8b,PKT_7cc8ddef9d9c6d44,contextual_flattening,contextual_flattening,valid,False,
dreaddit,Fixed role,generalist,llama3.1:8b,PKT_7cc8ddef9d9c6d44,contextual_flattening,contextual_flattening,valid,False,
dreaddit,All roles,union,llama3.1:8b,PKT_7cc8ddef9d9c6d44,contextual_flattening,contextual_flattening,generalist:valid;qualitative_methods:valid;domain:missing,True,contextual_flattening
dreaddit,Generalist,generalist,llama3.1:8b,PKT_cad04f4cbd46201d,contextual_flattening,contextual_flattening,valid,True,contextual_flattening
dreaddit,Fixed role,generalist,llama3.1:8b,PKT_cad04f4cbd46201d,contextual_flattening,contextual_flattening,valid,True,contextual_flattening
dreaddit,All roles,union,llama3.1:8b,PKT_cad04f4cbd46201d,contextual_flattening,contextual_flattening,generalist:valid;qualitative_methods:valid;domain:missing,True,contextual_flattening
dreaddit,Generalist,generalist,llama3.1:8b,PKT_86fc5232f7082416,contextual_flattening,contextual_flattening,valid,False,
dreaddit,Fixed role,generalist,llama3.1:8b,PKT_86fc5232f7082416,contextual_flattening,contextual_flattening,valid,False,
dreaddit,All roles,union,llama3.1:8b,PKT_86fc5232f7082416,contextual_flattening,contextual_flattening,generalist:valid;qualitative_methods:valid;domain:missing,False,
dreaddit,Generalist,generalist,llama3.1:8b,PKT_befd7eba9f703648,contextual_flattening,contextual_flattening,valid,False,
dreaddit,Fixed role,generalist,llama3.1:8b,PKT_befd7eba9f703648,contextual_flattening,contextual_flattening,valid,False,
dreaddit,All roles,union,llama3.1:8b,PKT_befd7eba9f703648,contextual_flattening,contextual_flattening,generalist:valid;qualitative_methods:valid;domain:missing,False,
dreaddit,Generalist,generalist,llama3.1:8b,PKT_660aee3210347c74,contextual_flattening,contextual_flattening,valid,False,
dreaddit,Fixed role,generalist,llama3.1:8b,PKT_660aee3210347c74,contextual_flattening,contextual_flattening,valid,False,
dreaddit,All roles,union,llama3.1:8b,PKT_660aee3210347c74,contextual_flattening,contextual_flattening,generalist:valid;qualitative_methods:valid;domain:missing,True,contextual_flattening
dreaddit,Generalist,generalist,llama3.1:8b,PKT_53328921fb940698,contextual_flattening,contextual_flattening,valid,False,
dreaddit,Fixed role,generalist,llama3.1:8b,PKT_53328921fb940698,contextual_flattening,contextual_flattening,valid,False,
dreaddit,All roles,union,llama3.1:8b,PKT_53328921fb940698,contextual_flattening,contextual_flattening,generalist:valid;qualitative_methods:valid;domain:missing,False,
dreaddit,Generalist,generalist,llama3.1:8b,PKT_b3578b260315c666,contextual_flattening,contextual_flattening,valid,False,
dreaddit,Fixed role,generalist,llama3.1:8b,PKT_b3578b260315c666,contextual_flattening,contextual_flattening,valid,False,
dreaddit,All roles,union,llama3.1:8b,PKT_b3578b260315c666,contextual_flattening,contextual_flattening,generalist:valid;qualitative_methods:valid;domain:missing,True,contextual_flattening
dreaddit,Generalist,generalist,llama3.1:8b,PKT_c8a798c95fb3b96b,unsupported_abstraction,unsupported_abstraction,valid,False,
dreaddit,Fixed role,generalist,llama3.1:8b,PKT_c8a798c95fb3b96b,unsupported_abstraction,unsupported_abstraction,valid,False,
dreaddit,All roles,union,llama3.1:8b,PKT_c8a798c95fb3b96b,unsupported_abstraction,unsupported_abstraction,generalist:valid;qualitative_methods:valid;domain:missing,False,
dreaddit,Generalist,generalist,llama3.1:8b,PKT_bafadef9b6b18d4f,unsupported_abstraction,unsupported_abstraction,valid,False,
dreaddit,Fixed role,generalist,llama3.1:8b,PKT_bafadef9b6b18d4f,unsupported_abstraction,unsupported_abstraction,valid,False,
dreaddit,All roles,union,llama3.1:8b,PKT_bafadef9b6b18d4f,unsupported_abstraction,unsupported_abstraction,generalist:valid;qualitative_methods:valid;domain:missing,False,
dreaddit,Generalist,generalist,llama3.1:8b,PKT_9df6d574cf8462fb,unsupported_abstraction,unsupported_abstraction,valid,False,
dreaddit,Fixed role,generalist,llama3.1:8b,PKT_9df6d574cf8462fb,unsupported_abstraction,unsupported_abstraction,valid,False,
dreaddit,All roles,union,llama3.1:8b,PKT_9df6d574cf8462fb,unsupported_abstraction,unsupported_abstraction,generalist:valid;qualitative_methods:valid;domain:missing,False,
dreaddit,Generalist,generalist,llama3.1:8b,PKT_9acb469d60c2635b,unsupported_abstraction,unsupported_abstraction,valid,True,unsupported_abstraction
dreaddit,Fixed role,generalist,llama3.1:8b,PKT_9acb469d60c2635b,unsupported_abstraction,unsupported_abstraction,valid,True,unsupported_abstraction
dreaddit,All roles,union,llama3.1:8b,PKT_9acb469d60c2635b,unsupported_abstraction,unsupported_abstraction,generalist:valid;qualitative_methods:valid;domain:missing,True,unsupported_abstraction
dreaddit,Generalist,generalist,llama3.1:8b,PKT_5351e500aa9dc573,unsupported_abstraction,unsupported_abstraction,valid,True,unsupported_abstraction
dreaddit,Fixed role,generalist,llama3.1:8b,PKT_5351e500aa9dc573,unsupported_abstraction,unsupported_abstraction,valid,True,unsupported_abstraction
dreaddit,All roles,union,llama3.1:8b,PKT_5351e500aa9dc573,unsupported_abstraction,unsupported_abstraction,generalist:valid;qualitative_methods:valid;domain:missing,True,unsupported_abstraction
dreaddit,Generalist,generalist,llama3.1:8b,PKT_240af2c1c362a024,unsupported_abstraction,unsupported_abstraction,valid,False,
dreaddit,Fixed role,generalist,llama3.1:8b,PKT_240af2c1c362a024,unsupported_abstraction,unsupported_abstraction,valid,False,
dreaddit,All roles,union,llama3.1:8b,PKT_240af2c1c362a024,unsupported_abstraction,unsupported_abstraction,generalist:valid;qualitative_methods:valid;domain:missing,False,
dreaddit,Generalist,generalist,llama3.1:8b,PKT_0520bd528bff7b21,unsupported_abstraction,unsupported_abstraction,valid,False,
dreaddit,Fixed role,generalist,llama3.1:8b,PKT_0520bd528bff7b21,unsupported_abstraction,unsupported_abstraction,valid,False,
dreaddit,All roles,union,llama3.1:8b,PKT_0520bd528bff7b21,unsupported_abstraction,unsupported_abstraction,generalist:valid;qualitative_methods:valid;domain:missing,False,
dreaddit,Generalist,generalist,llama3.1:8b,PKT_fcf7c81b0e002c38,unsupported_abstraction,unsupported_abstraction,valid,True,unsupported_abstraction
dreaddit,Fixed role,generalist,llama3.1:8b,PKT_fcf7c81b0e002c38,unsupported_abstraction,unsupported_abstraction,valid,True,unsupported_abstraction
dreaddit,All roles,union,llama3.1:8b,PKT_fcf7c81b0e002c38,unsupported_abstraction,unsupported_abstraction,generalist:valid;qualitative_methods:valid;domain:missing,True,unsupported_abstraction
dreaddit,Generalist,generalist,llama3.1:8b,PKT_a0f4a82214ca3d2a,unsupported_abstraction,unsupported_abstraction,valid,False,
dreaddit,Fixed role,generalist,llama3.1:8b,PKT_a0f4a82214ca3d2a,unsupported_abstraction,unsupported_abstraction,valid,False,
dreaddit,All roles,union,llama3.1:8b,PKT_a0f4a82214ca3d2a,unsupported_abstraction,unsupported_abstraction,generalist:valid;qualitative_methods:valid;domain:missing,False,
dreaddit,Generalist,generalist,llama3.1:8b,PKT_8ee477bf3072d0d0,unsupported_abstraction,unsupported_abstraction,valid,True,unsupported_abstraction
dreaddit,Fixed role,generalist,llama3.1:8b,PKT_8ee477bf3072d0d0,unsupported_abstraction,unsupported_abstraction,valid,True,unsupported_abstraction
dreaddit,All roles,union,llama3.1:8b,PKT_8ee477bf3072d0d0,unsupported_abstraction,unsupported_abstraction,generalist:valid;qualitative_methods:valid;domain:missing,True,unsupported_abstraction
dreaddit,Generalist,generalist,llama3.1:8b,PKT_63a2bd4ded6560b3,unsupported_abstraction,unsupported_abstraction,valid,False,
dreaddit,Fixed role,generalist,llama3.1:8b,PKT_63a2bd4ded6560b3,unsupported_abstraction,unsupported_abstraction,valid,False,
dreaddit,All roles,union,llama3.1:8b,PKT_63a2bd4ded6560b3,unsupported_abstraction,unsupported_abstraction,generalist:valid;qualitative_methods:valid;domain:missing,False,
dreaddit,Generalist,generalist,llama3.1:8b,PKT_76f14dfa8f4923bd,unsupported_abstraction,unsupported_abstraction,valid,True,unsupported_abstraction
dreaddit,Fixed role,generalist,llama3.1:8b,PKT_76f14dfa8f4923bd,unsupported_abstraction,unsupported_abstraction,valid,True,unsupported_abstraction
dreaddit,All roles,union,llama3.1:8b,PKT_76f14dfa8f4923bd,unsupported_abstraction,unsupported_abstraction,generalist:valid;qualitative_methods:valid;domain:missing,True,unsupported_abstraction
dreaddit,Generalist,generalist,llama3.1:8b,PKT_76624dda54898b9d,unsupported_abstraction,unsupported_abstraction,valid,False,
dreaddit,Fixed role,generalist,llama3.1:8b,PKT_76624dda54898b9d,unsupported_abstraction,unsupported_abstraction,valid,False,
dreaddit,All roles,union,llama3.1:8b,PKT_76624dda54898b9d,unsupported_abstraction,unsupported_abstraction,generalist:valid;qualitative_methods:valid;domain:missing,False,
dreaddit,Generalist,generalist,llama3.1:8b,PKT_a08be4e5db2ff0f5,unsupported_abstraction,unsupported_abstraction,valid,False,
dreaddit,Fixed role,generalist,llama3.1:8b,PKT_a08be4e5db2ff0f5,unsupported_abstraction,unsupported_abstraction,valid,False,
dreaddit,All roles,union,llama3.1:8b,PKT_a08be4e5db2ff0f5,unsupported_abstraction,unsupported_abstraction,generalist:valid;qualitative_methods:valid;domain:missing,False,
dreaddit,Generalist,generalist,llama3.1:8b,PKT_3f5f1daef9cb22a6,unsupported_abstraction,unsupported_abstraction,valid,True,unsupported_abstraction
dreaddit,Fixed role,generalist,llama3.1:8b,PKT_3f5f1daef9cb22a6,unsupported_abstraction,unsupported_abstraction,valid,True,unsupported_abstraction
dreaddit,All roles,union,llama3.1:8b,PKT_3f5f1daef9cb22a6,unsupported_abstraction,unsupported_abstraction,generalist:valid;qualitative_methods:valid;domain:missing,True,unsupported_abstraction
dreaddit,Generalist,generalist,llama3.1:8b,PKT_c60eeb2e21b998ab,unsupported_abstraction,unsupported_abstraction,valid,True,unsupported_abstraction
dreaddit,Fixed role,generalist,llama3.1:8b,PKT_c60eeb2e21b998ab,unsupported_abstraction,unsupported_abstraction,valid,True,unsupported_abstraction
dreaddit,All roles,union,llama3.1:8b,PKT_c60eeb2e21b998ab,unsupported_abstraction,unsupported_abstraction,generalist:valid;qualitative_methods:valid;domain:missing,True,unsupported_abstraction
dreaddit,Generalist,generalist,llama3.1:8b,PKT_d3aedc39786bbaf6,unsupported_abstraction,unsupported_abstraction,valid,False,
dreaddit,Fixed role,generalist,llama3.1:8b,PKT_d3aedc39786bbaf6,unsupported_abstraction,unsupported_abstraction,valid,False,
dreaddit,All roles,union,llama3.1:8b,PKT_d3aedc39786bbaf6,unsupported_abstraction,unsupported_abstraction,generalist:valid;qualitative_methods:valid;domain:missing,False,
dreaddit,Generalist,generalist,llama3.1:8b,PKT_325b94bfd3d0b812,unsupported_abstraction,unsupported_abstraction,valid,True,unsupported_abstraction
dreaddit,Fixed role,generalist,llama3.1:8b,PKT_325b94bfd3d0b812,unsupported_abstraction,unsupported_abstraction,valid,True,unsupported_abstraction
dreaddit,All roles,union,llama3.1:8b,PKT_325b94bfd3d0b812,unsupported_abstraction,unsupported_abstraction,generalist:valid;qualitative_methods:valid;domain:missing,True,unsupported_abstraction
dreaddit,Generalist,generalist,llama3.1:8b,PKT_d89f0ee2c3a3962d,unsupported_abstraction,unsupported_abstraction,valid,True,unsupported_abstraction
dreaddit,Fixed role,generalist,llama3.1:8b,PKT_d89f0ee2c3a3962d,unsupported_abstraction,unsupported_abstraction,valid,True,unsupported_abstraction
dreaddit,All roles,union,llama3.1:8b,PKT_d89f0ee2c3a3962d,unsupported_abstraction,unsupported_abstraction,generalist:valid;qualitative_methods:valid;domain:missing,True,unsupported_abstraction
dreaddit,Generalist,generalist,llama3.1:8b,PKT_edc2d3725c9b57c5,unsupported_abstraction,unsupported_abstraction,valid,True,unsupported_abstraction
dreaddit,Fixed role,generalist,llama3.1:8b,PKT_edc2d3725c9b57c5,unsupported_abstraction,unsupported_abstraction,valid,True,unsupported_abstraction
dreaddit,All roles,union,llama3.1:8b,PKT_edc2d3725c9b57c5,unsupported_abstraction,unsupported_abstraction,generalist:valid;qualitative_methods:valid;domain:missing,True,unsupported_abstraction
dreaddit,Generalist,generalist,qwen3:8b,PKT_bc83145cf70abba4,unsupported_evidence,unsupported_inference,valid,False,unsupported_abstraction
dreaddit,Fixed role,qualitative_methods,qwen3:8b,PKT_bc83145cf70abba4,unsupported_evidence,unsupported_inference,valid,False,lost_negative_case;unsupported_abstraction
dreaddit,All roles,union,qwen3:8b,PKT_bc83145cf70abba4,unsupported_evidence,unsupported_inference,generalist:valid;qualitative_methods:valid;domain:valid,False,lost_negative_case;unsupported_abstraction
dreaddit,Generalist,generalist,qwen3:8b,PKT_dca358a586b91cb5,unsupported_evidence,unsupported_inference,valid,False,unsupported_abstraction
dreaddit,Fixed role,qualitative_methods,qwen3:8b,PKT_dca358a586b91cb5,unsupported_evidence,unsupported_inference,valid,False,lost_negative_case;unsupported_abstraction
dreaddit,All roles,union,qwen3:8b,PKT_dca358a586b91cb5,unsupported_evidence,unsupported_inference,generalist:valid;qualitative_methods:valid;domain:valid,False,lost_negative_case;unsupported_abstraction
dreaddit,Generalist,generalist,qwen3:8b,PKT_01fb61298d91fafc,unsupported_evidence,unsupported_inference,valid,False,unsupported_abstraction
dreaddit,Fixed role,qualitative_methods,qwen3:8b,PKT_01fb61298d91fafc,unsupported_evidence,unsupported_inference,valid,False,lost_negative_case;unsupported_abstraction
dreaddit,All roles,union,qwen3:8b,PKT_01fb61298d91fafc,unsupported_evidence,unsupported_inference,generalist:valid;qualitative_methods:valid;domain:valid,False,lost_negative_case;unsupported_abstraction
dreaddit,Generalist,generalist,qwen3:8b,PKT_55c4808c17d27a65,unsupported_evidence,unsupported_inference,valid,False,lost_negative_case;unsupported_abstraction
dreaddit,Fixed role,qualitative_methods,qwen3:8b,PKT_55c4808c17d27a65,unsupported_evidence,unsupported_inference,valid,False,lost_negative_case;unsupported_abstraction
dreaddit,All roles,union,qwen3:8b,PKT_55c4808c17d27a65,unsupported_evidence,unsupported_inference,generalist:valid;qualitative_methods:valid;domain:valid,False,lost_negative_case;unsupported_abstraction
dreaddit,Generalist,generalist,qwen3:8b,PKT_64e63ca13857e7ae,unsupported_evidence,unsupported_inference,valid,False,lost_negative_case;unsupported_abstraction
dreaddit,Fixed role,qualitative_methods,qwen3:8b,PKT_64e63ca13857e7ae,unsupported_evidence,unsupported_inference,valid,False,lost_negative_case;unsupported_abstraction
dreaddit,All roles,union,qwen3:8b,PKT_64e63ca13857e7ae,unsupported_evidence,unsupported_inference,generalist:valid;qualitative_methods:valid;domain:valid,False,contextual_flattening;lost_negative_case;unsupported_abstraction
dreaddit,Generalist,generalist,qwen3:8b,PKT_c2387909a479680b,unsupported_evidence,unsupported_inference,valid,False,unsupported_abstraction
dreaddit,Fixed role,qualitative_methods,qwen3:8b,PKT_c2387909a479680b,unsupported_evidence,unsupported_inference,valid,False,unsupported_abstraction
dreaddit,All roles,union,qwen3:8b,PKT_c2387909a479680b,unsupported_evidence,unsupported_inference,generalist:valid;qualitative_methods:valid;domain:valid,False,lost_negative_case;unsupported_abstraction
dreaddit,Generalist,generalist,qwen3:8b,PKT_e6c11c85248dc03b,unsupported_evidence,unsupported_inference,valid,False,lost_negative_case;unsupported_abstraction
dreaddit,Fixed role,qualitative_methods,qwen3:8b,PKT_e6c11c85248dc03b,unsupported_evidence,unsupported_inference,valid,False,lost_negative_case;unsupported_abstraction
dreaddit,All roles,union,qwen3:8b,PKT_e6c11c85248dc03b,unsupported_evidence,unsupported_inference,generalist:valid;qualitative_methods:valid;domain:valid,False,lost_negative_case;unsupported_abstraction
dreaddit,Generalist,generalist,qwen3:8b,PKT_3b87ed82bad68898,unsupported_evidence,unsupported_inference,valid,False,unsupported_abstraction
dreaddit,Fixed role,qualitative_methods,qwen3:8b,PKT_3b87ed82bad68898,unsupported_evidence,unsupported_inference,valid,False,unsupported_abstraction
dreaddit,All roles,union,qwen3:8b,PKT_3b87ed82bad68898,unsupported_evidence,unsupported_inference,generalist:valid;qualitative_methods:valid;domain:valid,False,unsupported_abstraction
dreaddit,Generalist,generalist,qwen3:8b,PKT_30c57833f66f36bf,unsupported_evidence,unsupported_inference,valid,False,unsupported_abstraction
dreaddit,Fixed role,qualitative_methods,qwen3:8b,PKT_30c57833f66f36bf,unsupported_evidence,unsupported_inference,valid,False,lost_negative_case;unsupported_abstraction
dreaddit,All roles,union,qwen3:8b,PKT_30c57833f66f36bf,unsupported_evidence,unsupported_inference,generalist:valid;qualitative_methods:valid;domain:valid,False,lost_negative_case;unsupported_abstraction
dreaddit,Generalist,generalist,qwen3:8b,PKT_e7a4533caddda01e,unsupported_evidence,unsupported_inference,valid,False,unsupported_abstraction
dreaddit,Fixed role,qualitative_methods,qwen3:8b,PKT_e7a4533caddda01e,unsupported_evidence,unsupported_inference,valid,False,lost_negative_case;unsupported_abstraction
dreaddit,All roles,union,qwen3:8b,PKT_e7a4533caddda01e,unsupported_evidence,unsupported_inference,generalist:valid;qualitative_methods:valid;domain:valid,False,lost_negative_case;unsupported_abstraction
dreaddit,Generalist,generalist,qwen3:8b,PKT_28429b677010522d,unsupported_evidence,unsupported_inference,valid,False,lost_negative_case;unsupported_abstraction
dreaddit,Fixed role,qualitative_methods,qwen3:8b,PKT_28429b677010522d,unsupported_evidence,unsupported_inference,valid,False,lost_negative_case;unsupported_abstraction
dreaddit,All roles,union,qwen3:8b,PKT_28429b677010522d,unsupported_evidence,unsupported_inference,generalist:valid;qualitative_methods:valid;domain:valid,False,lost_negative_case;unsupported_abstraction
dreaddit,Generalist,generalist,qwen3:8b,PKT_a218650a6fcb57d1,unsupported_evidence,unsupported_inference,valid,False,unsupported_abstraction
dreaddit,Fixed role,qualitative_methods,qwen3:8b,PKT_a218650a6fcb57d1,unsupported_evidence,unsupported_inference,valid,False,lost_negative_case;unsupported_abstraction
dreaddit,All roles,union,qwen3:8b,PKT_a218650a6fcb57d1,unsupported_evidence,unsupported_inference,generalist:valid;qualitative_methods:valid;domain:valid,False,lost_negative_case;unsupported_abstraction
dreaddit,Generalist,generalist,qwen3:8b,PKT_b025a5d4978a9da8,unsupported_evidence,unsupported_inference,valid,False,lost_negative_case;unsupported_abstraction
dreaddit,Fixed role,qualitative_methods,qwen3:8b,PKT_b025a5d4978a9da8,unsupported_evidence,unsupported_inference,valid,False,lost_negative_case;unsupported_abstraction
dreaddit,All roles,union,qwen3:8b,PKT_b025a5d4978a9da8,unsupported_evidence,unsupported_inference,generalist:valid;qualitative_methods:valid;domain:valid,False,lost_negative_case;unsupported_abstraction
dreaddit,Generalist,generalist,qwen3:8b,PKT_22ca491621628a5e,unsupported_evidence,unsupported_inference,valid,False,unsupported_abstraction
dreaddit,Fixed role,qualitative_methods,qwen3:8b,PKT_22ca491621628a5e,unsupported_evidence,unsupported_inference,valid,False,unsupported_abstraction
dreaddit,All roles,union,qwen3:8b,PKT_22ca491621628a5e,unsupported_evidence,unsupported_inference,generalist:valid;qualitative_methods:valid;domain:valid,False,contextual_flattening;lost_negative_case;unsupported_abstraction
dreaddit,Generalist,generalist,qwen3:8b,PKT_4726598b8d93c925,unsupported_evidence,unsupported_inference,valid,False,lost_negative_case;unsupported_abstraction
dreaddit,Fixed role,qualitative_methods,qwen3:8b,PKT_4726598b8d93c925,unsupported_evidence,unsupported_inference,valid,False,contextual_flattening;unsupported_abstraction
dreaddit,All roles,union,qwen3:8b,PKT_4726598b8d93c925,unsupported_evidence,unsupported_inference,generalist:valid;qualitative_methods:valid;domain:valid,False,contextual_flattening;lost_negative_case;unsupported_abstraction
dreaddit,Generalist,generalist,qwen3:8b,PKT_0fb03447a7877849,unsupported_evidence,unsupported_inference,valid,False,unsupported_abstraction
dreaddit,Fixed role,qualitative_methods,qwen3:8b,PKT_0fb03447a7877849,unsupported_evidence,unsupported_inference,valid,False,lost_negative_case;unsupported_abstraction
dreaddit,All roles,union,qwen3:8b,PKT_0fb03447a7877849,unsupported_evidence,unsupported_inference,generalist:valid;qualitative_methods:valid;domain:valid,False,lost_negative_case;unsupported_abstraction
dreaddit,Generalist,generalist,qwen3:8b,PKT_46b42a7a66d6cd2c,unsupported_evidence,unsupported_inference,valid,False,unsupported_abstraction
dreaddit,Fixed role,qualitative_methods,qwen3:8b,PKT_46b42a7a66d6cd2c,unsupported_evidence,unsupported_inference,valid,False,lost_negative_case;unsupported_abstraction
dreaddit,All roles,union,qwen3:8b,PKT_46b42a7a66d6cd2c,unsupported_evidence,unsupported_inference,generalist:valid;qualitative_methods:valid;domain:valid,False,lost_negative_case;unsupported_abstraction
dreaddit,Generalist,generalist,qwen3:8b,PKT_709f6fccf0452a7d,unsupported_evidence,unsupported_inference,valid,False,unsupported_abstraction
dreaddit,Fixed role,qualitative_methods,qwen3:8b,PKT_709f6fccf0452a7d,unsupported_evidence,unsupported_inference,valid,False,lost_negative_case;unsupported_abstraction
dreaddit,All roles,union,qwen3:8b,PKT_709f6fccf0452a7d,unsupported_evidence,unsupported_inference,generalist:valid;qualitative_methods:valid;domain:valid,False,lost_negative_case;unsupported_abstraction
dreaddit,Generalist,generalist,qwen3:8b,PKT_b74a682bee9d3477,unsupported_evidence,unsupported_inference,valid,False,unsupported_abstraction
dreaddit,Fixed role,qualitative_methods,qwen3:8b,PKT_b74a682bee9d3477,unsupported_evidence,unsupported_inference,valid,False,lost_negative_case;unsupported_abstraction
dreaddit,All roles,union,qwen3:8b,PKT_b74a682bee9d3477,unsupported_evidence,unsupported_inference,generalist:valid;qualitative_methods:valid;domain:valid,False,lost_negative_case;unsupported_abstraction
dreaddit,Generalist,generalist,qwen3:8b,PKT_8c71f474c1d0af75,unsupported_evidence,unsupported_inference,valid,False,lost_negative_case;unsupported_abstraction
dreaddit,Fixed role,qualitative_methods,qwen3:8b,PKT_8c71f474c1d0af75,unsupported_evidence,unsupported_inference,valid,False,lost_negative_case;unsupported_abstraction
dreaddit,All roles,union,qwen3:8b,PKT_8c71f474c1d0af75,unsupported_evidence,unsupported_inference,generalist:valid;qualitative_methods:valid;domain:valid,False,lost_negative_case;unsupported_abstraction
dreaddit,Generalist,generalist,qwen3:8b,PKT_ba6b5e010f3e89d9,source_concentration,hidden_source_concentration,valid,False,lost_negative_case;unsupported_abstraction
dreaddit,Fixed role,qualitative_methods,qwen3:8b,PKT_ba6b5e010f3e89d9,source_concentration,hidden_source_concentration,valid,False,contextual_flattening;unsupported_abstraction
dreaddit,All roles,union,qwen3:8b,PKT_ba6b5e010f3e89d9,source_concentration,hidden_source_concentration,generalist:valid;qualitative_methods:valid;domain:valid,False,contextual_flattening;lost_negative_case;unsupported_abstraction
dreaddit,Generalist,generalist,qwen3:8b,PKT_a3612a3cdcefda68,source_concentration,hidden_source_concentration,valid,True,hidden_source_concentration
dreaddit,Fixed role,qualitative_methods,qwen3:8b,PKT_a3612a3cdcefda68,source_concentration,hidden_source_concentration,valid,True,hidden_source_concentration
dreaddit,All roles,union,qwen3:8b,PKT_a3612a3cdcefda68,source_concentration,hidden_source_concentration,generalist:valid;qualitative_methods:valid;domain:valid,True,hidden_source_concentration
dreaddit,Generalist,generalist,qwen3:8b,PKT_5d757bae3c27d850,source_concentration,hidden_source_concentration,valid,True,hidden_source_concentration
dreaddit,Fixed role,qualitative_methods,qwen3:8b,PKT_5d757bae3c27d850,source_concentration,hidden_source_concentration,valid,True,hidden_source_concentration
dreaddit,All roles,union,qwen3:8b,PKT_5d757bae3c27d850,source_concentration,hidden_source_concentration,generalist:valid;qualitative_methods:valid;domain:valid,True,contextual_flattening;hidden_source_concentration;lost_negative_case
dreaddit,Generalist,generalist,qwen3:8b,PKT_004ce53d5e035f07,source_concentration,hidden_source_concentration,valid,True,hidden_source_concentration
dreaddit,Fixed role,qualitative_methods,qwen3:8b,PKT_004ce53d5e035f07,source_concentration,hidden_source_concentration,valid,True,hidden_source_concentration
dreaddit,All roles,union,qwen3:8b,PKT_004ce53d5e035f07,source_concentration,hidden_source_concentration,generalist:valid;qualitative_methods:valid;domain:valid,True,contextual_flattening;hidden_source_concentration;lost_negative_case
dreaddit,Generalist,generalist,qwen3:8b,PKT_52d30bd6a3472dbf,source_concentration,hidden_source_concentration,valid,False,contextual_flattening;lost_negative_case
dreaddit,Fixed role,qualitative_methods,qwen3:8b,PKT_52d30bd6a3472dbf,source_concentration,hidden_source_concentration,valid,True,hidden_source_concentration
dreaddit,All roles,union,qwen3:8b,PKT_52d30bd6a3472dbf,source_concentration,hidden_source_concentration,generalist:valid;qualitative_methods:valid;domain:valid,True,contextual_flattening;hidden_source_concentration;lost_negative_case
dreaddit,Generalist,generalist,qwen3:8b,PKT_714616bcf9981fac,source_concentration,hidden_source_concentration,valid,False,contextual_flattening;lost_negative_case
dreaddit,Fixed role,qualitative_methods,qwen3:8b,PKT_714616bcf9981fac,source_concentration,hidden_source_concentration,valid,True,hidden_source_concentration
dreaddit,All roles,union,qwen3:8b,PKT_714616bcf9981fac,source_concentration,hidden_source_concentration,generalist:valid;qualitative_methods:valid;domain:valid,True,contextual_flattening;hidden_source_concentration;lost_negative_case
dreaddit,Generalist,generalist,qwen3:8b,PKT_7f00a1d36a85fc55,source_concentration,hidden_source_concentration,valid,False,lost_negative_case;unsupported_abstraction
dreaddit,Fixed role,qualitative_methods,qwen3:8b,PKT_7f00a1d36a85fc55,source_concentration,hidden_source_concentration,valid,True,hidden_source_concentration
dreaddit,All roles,union,qwen3:8b,PKT_7f00a1d36a85fc55,source_concentration,hidden_source_concentration,generalist:valid;qualitative_methods:valid;domain:valid,True,hidden_source_concentration;lost_negative_case;unsupported_abstraction
dreaddit,Generalist,generalist,qwen3:8b,PKT_a295b5afb164e815,source_concentration,hidden_source_concentration,valid,False,lost_negative_case;unsupported_abstraction
dreaddit,Fixed role,qualitative_methods,qwen3:8b,PKT_a295b5afb164e815,source_concentration,hidden_source_concentration,valid,False,lost_negative_case
dreaddit,All roles,union,qwen3:8b,PKT_a295b5afb164e815,source_concentration,hidden_source_concentration,generalist:valid;qualitative_methods:valid;domain:valid,False,contextual_flattening;lost_negative_case;unsupported_abstraction
dreaddit,Generalist,generalist,qwen3:8b,PKT_d90e32ee52ea4659,source_concentration,hidden_source_concentration,valid,False,contextual_flattening;lost_negative_case
dreaddit,Fixed role,qualitative_methods,qwen3:8b,PKT_d90e32ee52ea4659,source_concentration,hidden_source_concentration,valid,False,lost_negative_case
dreaddit,All roles,union,qwen3:8b,PKT_d90e32ee52ea4659,source_concentration,hidden_source_concentration,generalist:valid;qualitative_methods:valid;domain:valid,False,contextual_flattening;lost_negative_case
dreaddit,Generalist,generalist,qwen3:8b,PKT_8678711b2b7c442c,source_concentration,hidden_source_concentration,valid,True,hidden_source_concentration
dreaddit,Fixed role,qualitative_methods,qwen3:8b,PKT_8678711b2b7c442c,source_concentration,hidden_source_concentration,valid,True,hidden_source_concentration
dreaddit,All roles,union,qwen3:8b,PKT_8678711b2b7c442c,source_concentration,hidden_source_concentration,generalist:valid;qualitative_methods:valid;domain:valid,True,hidden_source_concentration
dreaddit,Generalist,generalist,qwen3:8b,PKT_c49433018970364a,source_concentration,hidden_source_concentration,valid,False,contextual_flattening;lost_negative_case
dreaddit,Fixed role,qualitative_methods,qwen3:8b,PKT_c49433018970364a,source_concentration,hidden_source_concentration,valid,False,contextual_flattening;lost_negative_case
dreaddit,All roles,union,qwen3:8b,PKT_c49433018970364a,source_concentration,hidden_source_concentration,generalist:valid;qualitative_methods:valid;domain:valid,False,contextual_flattening;lost_negative_case
dreaddit,Generalist,generalist,qwen3:8b,PKT_7a5d1f6ce33eed57,source_concentration,hidden_source_concentration,valid,True,hidden_source_concentration
dreaddit,Fixed role,qualitative_methods,qwen3:8b,PKT_7a5d1f6ce33eed57,source_concentration,hidden_source_concentration,valid,True,hidden_source_concentration
dreaddit,All roles,union,qwen3:8b,PKT_7a5d1f6ce33eed57,source_concentration,hidden_source_concentration,generalist:valid;qualitative_methods:valid;domain:valid,True,contextual_flattening;hidden_source_concentration;lost_negative_case
dreaddit,Generalist,generalist,qwen3:8b,PKT_f508b85aebee5c13,source_concentration,hidden_source_concentration,valid,False,lost_negative_case;unsupported_abstraction
dreaddit,Fixed role,qualitative_methods,qwen3:8b,PKT_f508b85aebee5c13,source_concentration,hidden_source_concentration,valid,False,contextual_flattening;lost_negative_case
dreaddit,All roles,union,qwen3:8b,PKT_f508b85aebee5c13,source_concentration,hidden_source_concentration,generalist:valid;qualitative_methods:valid;domain:valid,False,contextual_flattening;lost_negative_case;unsupported_abstraction
dreaddit,Generalist,generalist,qwen3:8b,PKT_d464fb38223b3e51,source_concentration,hidden_source_concentration,valid,False,contextual_flattening;lost_negative_case
dreaddit,Fixed role,qualitative_methods,qwen3:8b,PKT_d464fb38223b3e51,source_concentration,hidden_source_concentration,valid,False,lost_negative_case
dreaddit,All roles,union,qwen3:8b,PKT_d464fb38223b3e51,source_concentration,hidden_source_concentration,generalist:valid;qualitative_methods:valid;domain:valid,True,contextual_flattening;hidden_source_concentration;lost_negative_case
dreaddit,Generalist,generalist,qwen3:8b,PKT_4889514be00e50c8,source_concentration,hidden_source_concentration,valid,False,contextual_flattening;lost_negative_case
dreaddit,Fixed role,qualitative_methods,qwen3:8b,PKT_4889514be00e50c8,source_concentration,hidden_source_concentration,valid,True,hidden_source_concentration
dreaddit,All roles,union,qwen3:8b,PKT_4889514be00e50c8,source_concentration,hidden_source_concentration,generalist:valid;qualitative_methods:valid;domain:valid,True,contextual_flattening;hidden_source_concentration;lost_negative_case
dreaddit,Generalist,generalist,qwen3:8b,PKT_306f6df69fc51f17,source_concentration,hidden_source_concentration,valid,False,contextual_flattening;lost_negative_case
dreaddit,Fixed role,qualitative_methods,qwen3:8b,PKT_306f6df69fc51f17,source_concentration,hidden_source_concentration,valid,True,hidden_source_concentration
dreaddit,All roles,union,qwen3:8b,PKT_306f6df69fc51f17,source_concentration,hidden_source_concentration,generalist:valid;qualitative_methods:valid;domain:valid,True,contextual_flattening;hidden_source_concentration;lost_negative_case
dreaddit,Generalist,generalist,qwen3:8b,PKT_1cb22b8c60735063,source_concentration,hidden_source_concentration,valid,True,hidden_source_concentration
dreaddit,Fixed role,qualitative_methods,qwen3:8b,PKT_1cb22b8c60735063,source_concentration,hidden_source_concentration,valid,True,hidden_source_concentration
dreaddit,All roles,union,qwen3:8b,PKT_1cb22b8c60735063,source_concentration,hidden_source_concentration,generalist:valid;qualitative_methods:valid;domain:valid,True,contextual_flattening;hidden_source_concentration;lost_negative_case
dreaddit,Generalist,generalist,qwen3:8b,PKT_90fe45059da9ea23,source_concentration,hidden_source_concentration,valid,False,lost_negative_case;unsupported_abstraction
dreaddit,Fixed role,qualitative_methods,qwen3:8b,PKT_90fe45059da9ea23,source_concentration,hidden_source_concentration,valid,True,hidden_source_concentration
dreaddit,All roles,union,qwen3:8b,PKT_90fe45059da9ea23,source_concentration,hidden_source_concentration,generalist:valid;qualitative_methods:valid;domain:valid,True,contextual_flattening;hidden_source_concentration;lost_negative_case;unsupported_abstraction
dreaddit,Generalist,generalist,qwen3:8b,PKT_3d6186bed3db87eb,source_concentration,hidden_source_concentration,valid,False,contextual_flattening;lost_negative_case
dreaddit,Fixed role,qualitative_methods,qwen3:8b,PKT_3d6186bed3db87eb,source_concentration,hidden_source_concentration,valid,True,hidden_source_concentration
dreaddit,All roles,union,qwen3:8b,PKT_3d6186bed3db87eb,source_concentration,hidden_source_concentration,generalist:valid;qualitative_methods:valid;domain:valid,True,contextual_flattening;hidden_source_concentration;lost_negative_case
dreaddit,Generalist,generalist,qwen3:8b,PKT_d638c1248d50750d,source_concentration,hidden_source_concentration,valid,False,contextual_flattening;unsupported_abstraction
dreaddit,Fixed role,qualitative_methods,qwen3:8b,PKT_d638c1248d50750d,source_concentration,hidden_source_concentration,valid,False,contextual_flattening;lost_negative_case
dreaddit,All roles,union,qwen3:8b,PKT_d638c1248d50750d,source_concentration,hidden_source_concentration,generalist:valid;qualitative_methods:valid;domain:valid,False,contextual_flattening;lost_negative_case;unsupported_abstraction
dreaddit,Generalist,generalist,qwen3:8b,PKT_99b9b59ac2e15228,counterevidence_loss,lost_negative_case,valid,True,lost_negative_case
dreaddit,Fixed role,qualitative_methods,qwen3:8b,PKT_99b9b59ac2e15228,counterevidence_loss,lost_negative_case,valid,True,lost_negative_case
dreaddit,All roles,union,qwen3:8b,PKT_99b9b59ac2e15228,counterevidence_loss,lost_negative_case,generalist:valid;qualitative_methods:valid;domain:valid,True,lost_negative_case
dreaddit,Generalist,generalist,qwen3:8b,PKT_7af21d3ff7a52a11,counterevidence_loss,lost_negative_case,valid,True,lost_negative_case
dreaddit,Fixed role,qualitative_methods,qwen3:8b,PKT_7af21d3ff7a52a11,counterevidence_loss,lost_negative_case,valid,True,lost_negative_case
dreaddit,All roles,union,qwen3:8b,PKT_7af21d3ff7a52a11,counterevidence_loss,lost_negative_case,generalist:valid;qualitative_methods:valid;domain:valid,True,lost_negative_case
dreaddit,Generalist,generalist,qwen3:8b,PKT_cf0c253712096e31,counterevidence_loss,lost_negative_case,valid,True,lost_negative_case
dreaddit,Fixed role,qualitative_methods,qwen3:8b,PKT_cf0c253712096e31,counterevidence_loss,lost_negative_case,valid,True,lost_negative_case
dreaddit,All roles,union,qwen3:8b,PKT_cf0c253712096e31,counterevidence_loss,lost_negative_case,generalist:valid;qualitative_methods:valid;domain:valid,True,lost_negative_case
dreaddit,Generalist,generalist,qwen3:8b,PKT_ca2a87d3726a9f1f,counterevidence_loss,lost_negative_case,valid,True,lost_negative_case
dreaddit,Fixed role,qualitative_methods,qwen3:8b,PKT_ca2a87d3726a9f1f,counterevidence_loss,lost_negative_case,valid,True,lost_negative_case
dreaddit,All roles,union,qwen3:8b,PKT_ca2a87d3726a9f1f,counterevidence_loss,lost_negative_case,generalist:valid;qualitative_methods:valid;domain:valid,True,contextual_flattening;lost_negative_case
dreaddit,Generalist,generalist,qwen3:8b,PKT_b1219f66c7a48c64,counterevidence_loss,lost_negative_case,valid,True,contextual_flattening;lost_negative_case
dreaddit,Fixed role,qualitative_methods,qwen3:8b,PKT_b1219f66c7a48c64,counterevidence_loss,lost_negative_case,valid,True,lost_negative_case
dreaddit,All roles,union,qwen3:8b,PKT_b1219f66c7a48c64,counterevidence_loss,lost_negative_case,generalist:valid;qualitative_methods:valid;domain:valid,True,contextual_flattening;lost_negative_case
dreaddit,Generalist,generalist,qwen3:8b,PKT_cbb616f1b7cb26e6,counterevidence_loss,lost_negative_case,valid,True,contextual_flattening;lost_negative_case
dreaddit,Fixed role,qualitative_methods,qwen3:8b,PKT_cbb616f1b7cb26e6,counterevidence_loss,lost_negative_case,valid,True,lost_negative_case
dreaddit,All roles,union,qwen3:8b,PKT_cbb616f1b7cb26e6,counterevidence_loss,lost_negative_case,generalist:valid;qualitative_methods:valid;domain:valid,True,contextual_flattening;lost_negative_case
dreaddit,Generalist,generalist,qwen3:8b,PKT_eeef85daa5bbb782,counterevidence_loss,lost_negative_case,valid,True,lost_negative_case
dreaddit,Fixed role,qualitative_methods,qwen3:8b,PKT_eeef85daa5bbb782,counterevidence_loss,lost_negative_case,valid,True,lost_negative_case
dreaddit,All roles,union,qwen3:8b,PKT_eeef85daa5bbb782,counterevidence_loss,lost_negative_case,generalist:valid;qualitative_methods:valid;domain:valid,True,contextual_flattening;lost_negative_case
dreaddit,Generalist,generalist,qwen3:8b,PKT_53a74d199d8ff3de,counterevidence_loss,lost_negative_case,valid,True,lost_negative_case
dreaddit,Fixed role,qualitative_methods,qwen3:8b,PKT_53a74d199d8ff3de,counterevidence_loss,lost_negative_case,valid,True,lost_negative_case
dreaddit,All roles,union,qwen3:8b,PKT_53a74d199d8ff3de,counterevidence_loss,lost_negative_case,generalist:valid;qualitative_methods:valid;domain:valid,True,lost_negative_case
dreaddit,Generalist,generalist,qwen3:8b,PKT_df9842399b2dc8f2,counterevidence_loss,lost_negative_case,valid,True,lost_negative_case
dreaddit,Fixed role,qualitative_methods,qwen3:8b,PKT_df9842399b2dc8f2,counterevidence_loss,lost_negative_case,valid,True,lost_negative_case
dreaddit,All roles,union,qwen3:8b,PKT_df9842399b2dc8f2,counterevidence_loss,lost_negative_case,generalist:valid;qualitative_methods:valid;domain:valid,True,contextual_flattening;lost_negative_case
dreaddit,Generalist,generalist,qwen3:8b,PKT_32b4d34684da4079,counterevidence_loss,lost_negative_case,valid,True,contextual_flattening;lost_negative_case
dreaddit,Fixed role,qualitative_methods,qwen3:8b,PKT_32b4d34684da4079,counterevidence_loss,lost_negative_case,valid,True,lost_negative_case
dreaddit,All roles,union,qwen3:8b,PKT_32b4d34684da4079,counterevidence_loss,lost_negative_case,generalist:valid;qualitative_methods:valid;domain:valid,True,contextual_flattening;lost_negative_case
dreaddit,Generalist,generalist,qwen3:8b,PKT_43376b58d12f369c,counterevidence_loss,lost_negative_case,valid,True,lost_negative_case
dreaddit,Fixed role,qualitative_methods,qwen3:8b,PKT_43376b58d12f369c,counterevidence_loss,lost_negative_case,valid,True,lost_negative_case
dreaddit,All roles,union,qwen3:8b,PKT_43376b58d12f369c,counterevidence_loss,lost_negative_case,generalist:valid;qualitative_methods:valid;domain:valid,True,lost_negative_case
dreaddit,Generalist,generalist,qwen3:8b,PKT_141afa4bfd984658,counterevidence_loss,lost_negative_case,valid,True,lost_negative_case
dreaddit,Fixed role,qualitative_methods,qwen3:8b,PKT_141afa4bfd984658,counterevidence_loss,lost_negative_case,valid,True,lost_negative_case
dreaddit,All roles,union,qwen3:8b,PKT_141afa4bfd984658,counterevidence_loss,lost_negative_case,generalist:valid;qualitative_methods:valid;domain:valid,True,lost_negative_case
dreaddit,Generalist,generalist,qwen3:8b,PKT_4551ea3c458ec59a,counterevidence_loss,lost_negative_case,valid,True,lost_negative_case
dreaddit,Fixed role,qualitative_methods,qwen3:8b,PKT_4551ea3c458ec59a,counterevidence_loss,lost_negative_case,valid,True,lost_negative_case
dreaddit,All roles,union,qwen3:8b,PKT_4551ea3c458ec59a,counterevidence_loss,lost_negative_case,generalist:valid;qualitative_methods:valid;domain:valid,True,lost_negative_case
dreaddit,Generalist,generalist,qwen3:8b,PKT_f1e0ddb484098b40,counterevidence_loss,lost_negative_case,valid,True,lost_negative_case
dreaddit,Fixed role,qualitative_methods,qwen3:8b,PKT_f1e0ddb484098b40,counterevidence_loss,lost_negative_case,valid,True,lost_negative_case
dreaddit,All roles,union,qwen3:8b,PKT_f1e0ddb484098b40,counterevidence_loss,lost_negative_case,generalist:valid;qualitative_methods:valid;domain:valid,True,lost_negative_case
dreaddit,Generalist,generalist,qwen3:8b,PKT_732cf335d3c60245,counterevidence_loss,lost_negative_case,valid,True,lost_negative_case
dreaddit,Fixed role,qualitative_methods,qwen3:8b,PKT_732cf335d3c60245,counterevidence_loss,lost_negative_case,valid,True,lost_negative_case
dreaddit,All roles,union,qwen3:8b,PKT_732cf335d3c60245,counterevidence_loss,lost_negative_case,generalist:valid;qualitative_methods:valid;domain:valid,True,lost_negative_case
dreaddit,Generalist,generalist,qwen3:8b,PKT_d5cc29bd4b7a1952,counterevidence_loss,lost_negative_case,valid,True,lost_negative_case
dreaddit,Fixed role,qualitative_methods,qwen3:8b,PKT_d5cc29bd4b7a1952,counterevidence_loss,lost_negative_case,valid,True,lost_negative_case
dreaddit,All roles,union,qwen3:8b,PKT_d5cc29bd4b7a1952,counterevidence_loss,lost_negative_case,generalist:valid;qualitative_methods:valid;domain:valid,True,contextual_flattening;lost_negative_case
dreaddit,Generalist,generalist,qwen3:8b,PKT_06e791a37c308c8a,counterevidence_loss,lost_negative_case,valid,True,lost_negative_case
dreaddit,Fixed role,qualitative_methods,qwen3:8b,PKT_06e791a37c308c8a,counterevidence_loss,lost_negative_case,valid,True,lost_negative_case
dreaddit,All roles,union,qwen3:8b,PKT_06e791a37c308c8a,counterevidence_loss,lost_negative_case,generalist:valid;qualitative_methods:valid;domain:valid,True,lost_negative_case
dreaddit,Generalist,generalist,qwen3:8b,PKT_bfbe9ee20133d51e,counterevidence_loss,lost_negative_case,valid,True,lost_negative_case
dreaddit,Fixed role,qualitative_methods,qwen3:8b,PKT_bfbe9ee20133d51e,counterevidence_loss,lost_negative_case,valid,True,lost_negative_case
dreaddit,All roles,union,qwen3:8b,PKT_bfbe9ee20133d51e,counterevidence_loss,lost_negative_case,generalist:valid;qualitative_methods:valid;domain:valid,True,lost_negative_case
dreaddit,Generalist,generalist,qwen3:8b,PKT_106a29f271a1d28f,counterevidence_loss,lost_negative_case,valid,True,lost_negative_case
dreaddit,Fixed role,qualitative_methods,qwen3:8b,PKT_106a29f271a1d28f,counterevidence_loss,lost_negative_case,valid,True,lost_negative_case
dreaddit,All roles,union,qwen3:8b,PKT_106a29f271a1d28f,counterevidence_loss,lost_negative_case,generalist:valid;qualitative_methods:valid;domain:valid,True,lost_negative_case
dreaddit,Generalist,generalist,qwen3:8b,PKT_d480cf324111c3f5,counterevidence_loss,lost_negative_case,valid,True,lost_negative_case
dreaddit,Fixed role,qualitative_methods,qwen3:8b,PKT_d480cf324111c3f5,counterevidence_loss,lost_negative_case,valid,True,lost_negative_case
dreaddit,All roles,union,qwen3:8b,PKT_d480cf324111c3f5,counterevidence_loss,lost_negative_case,generalist:valid;qualitative_methods:valid;domain:valid,True,lost_negative_case
dreaddit,Generalist,generalist,qwen3:8b,PKT_79aa77311309c715,contextual_flattening,contextual_flattening,valid,True,contextual_flattening;lost_negative_case
dreaddit,Fixed role,qualitative_methods,qwen3:8b,PKT_79aa77311309c715,contextual_flattening,contextual_flattening,valid,True,contextual_flattening;lost_negative_case
dreaddit,All roles,union,qwen3:8b,PKT_79aa77311309c715,contextual_flattening,contextual_flattening,generalist:valid;qualitative_methods:valid;domain:valid,True,contextual_flattening;lost_negative_case
dreaddit,Generalist,generalist,qwen3:8b,PKT_2052272213a1f6dc,contextual_flattening,contextual_flattening,valid,True,contextual_flattening;lost_negative_case
dreaddit,Fixed role,qualitative_methods,qwen3:8b,PKT_2052272213a1f6dc,contextual_flattening,contextual_flattening,valid,True,contextual_flattening;lost_negative_case
dreaddit,All roles,union,qwen3:8b,PKT_2052272213a1f6dc,contextual_flattening,contextual_flattening,generalist:valid;qualitative_methods:valid;domain:valid,True,contextual_flattening;lost_negative_case
dreaddit,Generalist,generalist,qwen3:8b,PKT_40d892beccb44c21,contextual_flattening,contextual_flattening,valid,True,contextual_flattening;lost_negative_case
dreaddit,Fixed role,qualitative_methods,qwen3:8b,PKT_40d892beccb44c21,contextual_flattening,contextual_flattening,valid,True,contextual_flattening
dreaddit,All roles,union,qwen3:8b,PKT_40d892beccb44c21,contextual_flattening,contextual_flattening,generalist:valid;qualitative_methods:valid;domain:valid,True,contextual_flattening;lost_negative_case
dreaddit,Generalist,generalist,qwen3:8b,PKT_328f11841664b86a,contextual_flattening,contextual_flattening,valid,True,contextual_flattening;lost_negative_case
dreaddit,Fixed role,qualitative_methods,qwen3:8b,PKT_328f11841664b86a,contextual_flattening,contextual_flattening,valid,True,contextual_flattening;lost_negative_case
dreaddit,All roles,union,qwen3:8b,PKT_328f11841664b86a,contextual_flattening,contextual_flattening,generalist:valid;qualitative_methods:valid;domain:valid,True,contextual_flattening;lost_negative_case
dreaddit,Generalist,generalist,qwen3:8b,PKT_d852f55ac0b846d0,contextual_flattening,contextual_flattening,valid,True,contextual_flattening;lost_negative_case
dreaddit,Fixed role,qualitative_methods,qwen3:8b,PKT_d852f55ac0b846d0,contextual_flattening,contextual_flattening,valid,True,contextual_flattening;lost_negative_case
dreaddit,All roles,union,qwen3:8b,PKT_d852f55ac0b846d0,contextual_flattening,contextual_flattening,generalist:valid;qualitative_methods:valid;domain:valid,True,contextual_flattening;lost_negative_case
dreaddit,Generalist,generalist,qwen3:8b,PKT_bad484f42d7840e6,contextual_flattening,contextual_flattening,valid,True,contextual_flattening;lost_negative_case
dreaddit,Fixed role,qualitative_methods,qwen3:8b,PKT_bad484f42d7840e6,contextual_flattening,contextual_flattening,valid,True,contextual_flattening;lost_negative_case
dreaddit,All roles,union,qwen3:8b,PKT_bad484f42d7840e6,contextual_flattening,contextual_flattening,generalist:valid;qualitative_methods:valid;domain:valid,True,contextual_flattening;lost_negative_case
dreaddit,Generalist,generalist,qwen3:8b,PKT_b6f9603aeecd0460,contextual_flattening,contextual_flattening,valid,True,contextual_flattening;lost_negative_case
dreaddit,Fixed role,qualitative_methods,qwen3:8b,PKT_b6f9603aeecd0460,contextual_flattening,contextual_flattening,valid,True,contextual_flattening;lost_negative_case
dreaddit,All roles,union,qwen3:8b,PKT_b6f9603aeecd0460,contextual_flattening,contextual_flattening,generalist:valid;qualitative_methods:valid;domain:valid,True,contextual_flattening;lost_negative_case
dreaddit,Generalist,generalist,qwen3:8b,PKT_54453fda3cbe789b,contextual_flattening,contextual_flattening,valid,True,contextual_flattening;lost_negative_case
dreaddit,Fixed role,qualitative_methods,qwen3:8b,PKT_54453fda3cbe789b,contextual_flattening,contextual_flattening,valid,True,contextual_flattening;lost_negative_case
dreaddit,All roles,union,qwen3:8b,PKT_54453fda3cbe789b,contextual_flattening,contextual_flattening,generalist:valid;qualitative_methods:valid;domain:valid,True,contextual_flattening;lost_negative_case
dreaddit,Generalist,generalist,qwen3:8b,PKT_cdfb4feb1f34a542,contextual_flattening,contextual_flattening,valid,True,contextual_flattening;lost_negative_case
dreaddit,Fixed role,qualitative_methods,qwen3:8b,PKT_cdfb4feb1f34a542,contextual_flattening,contextual_flattening,valid,True,contextual_flattening;lost_negative_case
dreaddit,All roles,union,qwen3:8b,PKT_cdfb4feb1f34a542,contextual_flattening,contextual_flattening,generalist:valid;qualitative_methods:valid;domain:valid,True,contextual_flattening;lost_negative_case
dreaddit,Generalist,generalist,qwen3:8b,PKT_1c98a45a7df4c52c,contextual_flattening,contextual_flattening,valid,True,contextual_flattening;lost_negative_case
dreaddit,Fixed role,qualitative_methods,qwen3:8b,PKT_1c98a45a7df4c52c,contextual_flattening,contextual_flattening,valid,True,contextual_flattening;lost_negative_case
dreaddit,All roles,union,qwen3:8b,PKT_1c98a45a7df4c52c,contextual_flattening,contextual_flattening,generalist:valid;qualitative_methods:valid;domain:valid,True,contextual_flattening;lost_negative_case
dreaddit,Generalist,generalist,qwen3:8b,PKT_85c634ce7e06dba7,contextual_flattening,contextual_flattening,valid,True,contextual_flattening;lost_negative_case
dreaddit,Fixed role,qualitative_methods,qwen3:8b,PKT_85c634ce7e06dba7,contextual_flattening,contextual_flattening,valid,True,contextual_flattening
dreaddit,All roles,union,qwen3:8b,PKT_85c634ce7e06dba7,contextual_flattening,contextual_flattening,generalist:valid;qualitative_methods:valid;domain:valid,True,contextual_flattening;lost_negative_case
dreaddit,Generalist,generalist,qwen3:8b,PKT_e7fd5b240c5073c1,contextual_flattening,contextual_flattening,valid,True,contextual_flattening;lost_negative_case
dreaddit,Fixed role,qualitative_methods,qwen3:8b,PKT_e7fd5b240c5073c1,contextual_flattening,contextual_flattening,valid,True,contextual_flattening;lost_negative_case
dreaddit,All roles,union,qwen3:8b,PKT_e7fd5b240c5073c1,contextual_flattening,contextual_flattening,generalist:valid;qualitative_methods:valid;domain:valid,True,contextual_flattening;lost_negative_case
dreaddit,Generalist,generalist,qwen3:8b,PKT_3c8645ed2a4396c1,contextual_flattening,contextual_flattening,valid,True,contextual_flattening;lost_negative_case
dreaddit,Fixed role,qualitative_methods,qwen3:8b,PKT_3c8645ed2a4396c1,contextual_flattening,contextual_flattening,valid,True,contextual_flattening
dreaddit,All roles,union,qwen3:8b,PKT_3c8645ed2a4396c1,contextual_flattening,contextual_flattening,generalist:valid;qualitative_methods:valid;domain:valid,True,contextual_flattening;lost_negative_case
dreaddit,Generalist,generalist,qwen3:8b,PKT_7cc8ddef9d9c6d44,contextual_flattening,contextual_flattening,valid,True,contextual_flattening;lost_negative_case
dreaddit,Fixed role,qualitative_methods,qwen3:8b,PKT_7cc8ddef9d9c6d44,contextual_flattening,contextual_flattening,valid,True,contextual_flattening;lost_negative_case
dreaddit,All roles,union,qwen3:8b,PKT_7cc8ddef9d9c6d44,contextual_flattening,contextual_flattening,generalist:valid;qualitative_methods:valid;domain:valid,True,contextual_flattening;lost_negative_case
dreaddit,Generalist,generalist,qwen3:8b,PKT_cad04f4cbd46201d,contextual_flattening,contextual_flattening,valid,True,contextual_flattening;lost_negative_case
dreaddit,Fixed role,qualitative_methods,qwen3:8b,PKT_cad04f4cbd46201d,contextual_flattening,contextual_flattening,valid,True,contextual_flattening;lost_negative_case
dreaddit,All roles,union,qwen3:8b,PKT_cad04f4cbd46201d,contextual_flattening,contextual_flattening,generalist:valid;qualitative_methods:valid;domain:valid,True,contextual_flattening;lost_negative_case
dreaddit,Generalist,generalist,qwen3:8b,PKT_86fc5232f7082416,contextual_flattening,contextual_flattening,valid,True,contextual_flattening;lost_negative_case
dreaddit,Fixed role,qualitative_methods,qwen3:8b,PKT_86fc5232f7082416,contextual_flattening,contextual_flattening,valid,True,contextual_flattening
dreaddit,All roles,union,qwen3:8b,PKT_86fc5232f7082416,contextual_flattening,contextual_flattening,generalist:valid;qualitative_methods:valid;domain:valid,True,contextual_flattening;lost_negative_case
dreaddit,Generalist,generalist,qwen3:8b,PKT_befd7eba9f703648,contextual_flattening,contextual_flattening,valid,True,contextual_flattening;lost_negative_case
dreaddit,Fixed role,qualitative_methods,qwen3:8b,PKT_befd7eba9f703648,contextual_flattening,contextual_flattening,valid,True,contextual_flattening;lost_negative_case
dreaddit,All roles,union,qwen3:8b,PKT_befd7eba9f703648,contextual_flattening,contextual_flattening,generalist:valid;qualitative_methods:valid;domain:valid,True,contextual_flattening;lost_negative_case
dreaddit,Generalist,generalist,qwen3:8b,PKT_660aee3210347c74,contextual_flattening,contextual_flattening,valid,True,contextual_flattening;lost_negative_case
dreaddit,Fixed role,qualitative_methods,qwen3:8b,PKT_660aee3210347c74,contextual_flattening,contextual_flattening,valid,True,contextual_flattening;lost_negative_case
dreaddit,All roles,union,qwen3:8b,PKT_660aee3210347c74,contextual_flattening,contextual_flattening,generalist:valid;qualitative_methods:valid;domain:valid,True,contextual_flattening;lost_negative_case
dreaddit,Generalist,generalist,qwen3:8b,PKT_53328921fb940698,contextual_flattening,contextual_flattening,valid,True,contextual_flattening;lost_negative_case
dreaddit,Fixed role,qualitative_methods,qwen3:8b,PKT_53328921fb940698,contextual_flattening,contextual_flattening,valid,True,contextual_flattening;lost_negative_case
dreaddit,All roles,union,qwen3:8b,PKT_53328921fb940698,contextual_flattening,contextual_flattening,generalist:valid;qualitative_methods:valid;domain:valid,True,contextual_flattening;lost_negative_case
dreaddit,Generalist,generalist,qwen3:8b,PKT_b3578b260315c666,contextual_flattening,contextual_flattening,valid,True,contextual_flattening;lost_negative_case
dreaddit,Fixed role,qualitative_methods,qwen3:8b,PKT_b3578b260315c666,contextual_flattening,contextual_flattening,valid,True,contextual_flattening;lost_negative_case
dreaddit,All roles,union,qwen3:8b,PKT_b3578b260315c666,contextual_flattening,contextual_flattening,generalist:valid;qualitative_methods:valid;domain:valid,True,contextual_flattening;lost_negative_case
dreaddit,Generalist,generalist,qwen3:8b,PKT_c8a798c95fb3b96b,unsupported_abstraction,unsupported_abstraction,valid,True,unsupported_abstraction
dreaddit,Fixed role,qualitative_methods,qwen3:8b,PKT_c8a798c95fb3b96b,unsupported_abstraction,unsupported_abstraction,valid,True,unsupported_abstraction
dreaddit,All roles,union,qwen3:8b,PKT_c8a798c95fb3b96b,unsupported_abstraction,unsupported_abstraction,generalist:valid;qualitative_methods:valid;domain:valid,True,unsupported_abstraction
dreaddit,Generalist,generalist,qwen3:8b,PKT_bafadef9b6b18d4f,unsupported_abstraction,unsupported_abstraction,valid,True,unsupported_abstraction
dreaddit,Fixed role,qualitative_methods,qwen3:8b,PKT_bafadef9b6b18d4f,unsupported_abstraction,unsupported_abstraction,valid,True,unsupported_abstraction
dreaddit,All roles,union,qwen3:8b,PKT_bafadef9b6b18d4f,unsupported_abstraction,unsupported_abstraction,generalist:valid;qualitative_methods:valid;domain:valid,True,unsupported_abstraction
dreaddit,Generalist,generalist,qwen3:8b,PKT_9df6d574cf8462fb,unsupported_abstraction,unsupported_abstraction,valid,True,unsupported_abstraction
dreaddit,Fixed role,qualitative_methods,qwen3:8b,PKT_9df6d574cf8462fb,unsupported_abstraction,unsupported_abstraction,valid,True,unsupported_abstraction
dreaddit,All roles,union,qwen3:8b,PKT_9df6d574cf8462fb,unsupported_abstraction,unsupported_abstraction,generalist:valid;qualitative_methods:valid;domain:valid,True,unsupported_abstraction
dreaddit,Generalist,generalist,qwen3:8b,PKT_9acb469d60c2635b,unsupported_abstraction,unsupported_abstraction,valid,True,unsupported_abstraction
dreaddit,Fixed role,qualitative_methods,qwen3:8b,PKT_9acb469d60c2635b,unsupported_abstraction,unsupported_abstraction,valid,True,unsupported_abstraction
dreaddit,All roles,union,qwen3:8b,PKT_9acb469d60c2635b,unsupported_abstraction,unsupported_abstraction,generalist:valid;qualitative_methods:valid;domain:valid,True,unsupported_abstraction
dreaddit,Generalist,generalist,qwen3:8b,PKT_5351e500aa9dc573,unsupported_abstraction,unsupported_abstraction,valid,True,unsupported_abstraction
dreaddit,Fixed role,qualitative_methods,qwen3:8b,PKT_5351e500aa9dc573,unsupported_abstraction,unsupported_abstraction,valid,True,unsupported_abstraction
dreaddit,All roles,union,qwen3:8b,PKT_5351e500aa9dc573,unsupported_abstraction,unsupported_abstraction,generalist:valid;qualitative_methods:valid;domain:valid,True,unsupported_abstraction
dreaddit,Generalist,generalist,qwen3:8b,PKT_240af2c1c362a024,unsupported_abstraction,unsupported_abstraction,valid,True,unsupported_abstraction
dreaddit,Fixed role,qualitative_methods,qwen3:8b,PKT_240af2c1c362a024,unsupported_abstraction,unsupported_abstraction,valid,True,unsupported_abstraction
dreaddit,All roles,union,qwen3:8b,PKT_240af2c1c362a024,unsupported_abstraction,unsupported_abstraction,generalist:valid;qualitative_methods:valid;domain:valid,True,unsupported_abstraction
dreaddit,Generalist,generalist,qwen3:8b,PKT_0520bd528bff7b21,unsupported_abstraction,unsupported_abstraction,valid,True,unsupported_abstraction
dreaddit,Fixed role,qualitative_methods,qwen3:8b,PKT_0520bd528bff7b21,unsupported_abstraction,unsupported_abstraction,valid,True,unsupported_abstraction
dreaddit,All roles,union,qwen3:8b,PKT_0520bd528bff7b21,unsupported_abstraction,unsupported_abstraction,generalist:valid;qualitative_methods:valid;domain:valid,True,unsupported_abstraction
dreaddit,Generalist,generalist,qwen3:8b,PKT_fcf7c81b0e002c38,unsupported_abstraction,unsupported_abstraction,valid,True,unsupported_abstraction
dreaddit,Fixed role,qualitative_methods,qwen3:8b,PKT_fcf7c81b0e002c38,unsupported_abstraction,unsupported_abstraction,valid,True,unsupported_abstraction
dreaddit,All roles,union,qwen3:8b,PKT_fcf7c81b0e002c38,unsupported_abstraction,unsupported_abstraction,generalist:valid;qualitative_methods:valid;domain:valid,True,unsupported_abstraction
dreaddit,Generalist,generalist,qwen3:8b,PKT_a0f4a82214ca3d2a,unsupported_abstraction,unsupported_abstraction,valid,True,unsupported_abstraction
dreaddit,Fixed role,qualitative_methods,qwen3:8b,PKT_a0f4a82214ca3d2a,unsupported_abstraction,unsupported_abstraction,valid,True,unsupported_abstraction
dreaddit,All roles,union,qwen3:8b,PKT_a0f4a82214ca3d2a,unsupported_abstraction,unsupported_abstraction,generalist:valid;qualitative_methods:valid;domain:valid,True,unsupported_abstraction
dreaddit,Generalist,generalist,qwen3:8b,PKT_8ee477bf3072d0d0,unsupported_abstraction,unsupported_abstraction,valid,True,unsupported_abstraction
dreaddit,Fixed role,qualitative_methods,qwen3:8b,PKT_8ee477bf3072d0d0,unsupported_abstraction,unsupported_abstraction,valid,True,unsupported_abstraction
dreaddit,All roles,union,qwen3:8b,PKT_8ee477bf3072d0d0,unsupported_abstraction,unsupported_abstraction,generalist:valid;qualitative_methods:valid;domain:valid,True,unsupported_abstraction
dreaddit,Generalist,generalist,qwen3:8b,PKT_63a2bd4ded6560b3,unsupported_abstraction,unsupported_abstraction,valid,True,unsupported_abstraction
dreaddit,Fixed role,qualitative_methods,qwen3:8b,PKT_63a2bd4ded6560b3,unsupported_abstraction,unsupported_abstraction,valid,True,unsupported_abstraction
dreaddit,All roles,union,qwen3:8b,PKT_63a2bd4ded6560b3,unsupported_abstraction,unsupported_abstraction,generalist:valid;qualitative_methods:valid;domain:valid,True,unsupported_abstraction
dreaddit,Generalist,generalist,qwen3:8b,PKT_76f14dfa8f4923bd,unsupported_abstraction,unsupported_abstraction,valid,True,unsupported_abstraction
dreaddit,Fixed role,qualitative_methods,qwen3:8b,PKT_76f14dfa8f4923bd,unsupported_abstraction,unsupported_abstraction,valid,True,unsupported_abstraction
dreaddit,All roles,union,qwen3:8b,PKT_76f14dfa8f4923bd,unsupported_abstraction,unsupported_abstraction,generalist:valid;qualitative_methods:valid;domain:valid,True,unsupported_abstraction
dreaddit,Generalist,generalist,qwen3:8b,PKT_76624dda54898b9d,unsupported_abstraction,unsupported_abstraction,valid,True,unsupported_abstraction
dreaddit,Fixed role,qualitative_methods,qwen3:8b,PKT_76624dda54898b9d,unsupported_abstraction,unsupported_abstraction,valid,True,unsupported_abstraction
dreaddit,All roles,union,qwen3:8b,PKT_76624dda54898b9d,unsupported_abstraction,unsupported_abstraction,generalist:valid;qualitative_methods:valid;domain:valid,True,unsupported_abstraction
dreaddit,Generalist,generalist,qwen3:8b,PKT_a08be4e5db2ff0f5,unsupported_abstraction,unsupported_abstraction,valid,True,unsupported_abstraction
dreaddit,Fixed role,qualitative_methods,qwen3:8b,PKT_a08be4e5db2ff0f5,unsupported_abstraction,unsupported_abstraction,valid,True,unsupported_abstraction
dreaddit,All roles,union,qwen3:8b,PKT_a08be4e5db2ff0f5,unsupported_abstraction,unsupported_abstraction,generalist:valid;qualitative_methods:valid;domain:valid,True,unsupported_abstraction
dreaddit,Generalist,generalist,qwen3:8b,PKT_3f5f1daef9cb22a6,unsupported_abstraction,unsupported_abstraction,valid,True,unsupported_abstraction
dreaddit,Fixed role,qualitative_methods,qwen3:8b,PKT_3f5f1daef9cb22a6,unsupported_abstraction,unsupported_abstraction,valid,True,unsupported_abstraction
dreaddit,All roles,union,qwen3:8b,PKT_3f5f1daef9cb22a6,unsupported_abstraction,unsupported_abstraction,generalist:valid;qualitative_methods:valid;domain:valid,True,unsupported_abstraction
dreaddit,Generalist,generalist,qwen3:8b,PKT_c60eeb2e21b998ab,unsupported_abstraction,unsupported_abstraction,valid,True,unsupported_abstraction
dreaddit,Fixed role,qualitative_methods,qwen3:8b,PKT_c60eeb2e21b998ab,unsupported_abstraction,unsupported_abstraction,valid,True,unsupported_abstraction
dreaddit,All roles,union,qwen3:8b,PKT_c60eeb2e21b998ab,unsupported_abstraction,unsupported_abstraction,generalist:valid;qualitative_methods:valid;domain:valid,True,unsupported_abstraction
dreaddit,Generalist,generalist,qwen3:8b,PKT_d3aedc39786bbaf6,unsupported_abstraction,unsupported_abstraction,valid,True,unsupported_abstraction
dreaddit,Fixed role,qualitative_methods,qwen3:8b,PKT_d3aedc39786bbaf6,unsupported_abstraction,unsupported_abstraction,valid,True,unsupported_abstraction
dreaddit,All roles,union,qwen3:8b,PKT_d3aedc39786bbaf6,unsupported_abstraction,unsupported_abstraction,generalist:valid;qualitative_methods:valid;domain:valid,True,unsupported_abstraction
dreaddit,Generalist,generalist,qwen3:8b,PKT_325b94bfd3d0b812,unsupported_abstraction,unsupported_abstraction,valid,True,unsupported_abstraction
dreaddit,Fixed role,qualitative_methods,qwen3:8b,PKT_325b94bfd3d0b812,unsupported_abstraction,unsupported_abstraction,valid,True,unsupported_abstraction
dreaddit,All roles,union,qwen3:8b,PKT_325b94bfd3d0b812,unsupported_abstraction,unsupported_abstraction,generalist:valid;qualitative_methods:valid;domain:valid,True,unsupported_abstraction
dreaddit,Generalist,generalist,qwen3:8b,PKT_d89f0ee2c3a3962d,unsupported_abstraction,unsupported_abstraction,valid,True,unsupported_abstraction
dreaddit,Fixed role,qualitative_methods,qwen3:8b,PKT_d89f0ee2c3a3962d,unsupported_abstraction,unsupported_abstraction,valid,True,unsupported_abstraction
dreaddit,All roles,union,qwen3:8b,PKT_d89f0ee2c3a3962d,unsupported_abstraction,unsupported_abstraction,generalist:valid;qualitative_methods:valid;domain:valid,True,unsupported_abstraction
dreaddit,Generalist,generalist,qwen3:8b,PKT_edc2d3725c9b57c5,unsupported_abstraction,unsupported_abstraction,valid,True,unsupported_abstraction
dreaddit,Fixed role,qualitative_methods,qwen3:8b,PKT_edc2d3725c9b57c5,unsupported_abstraction,unsupported_abstraction,valid,True,unsupported_abstraction
dreaddit,All roles,union,qwen3:8b,PKT_edc2d3725c9b57c5,unsupported_abstraction,unsupported_abstraction,generalist:valid;qualitative_methods:valid;domain:valid,True,unsupported_abstraction
